step,x,y,vx,vy,angle,angular_velocity,left_leg_contact,right_leg_contact,navigation_action,current_fps,fresh_observation,n_fresh_observations,n_fresh_observations_before_touchdown,n_fresh_observations_after_touchdown,instant_nav_reward,cumulative_nav_reward,instant_adaptive_reward,cumulative_adaptive_reward,instant_frame_penalty,terminated,truncated,vy_at_touchdown,success
1,-0.011593247,1.4328375,-0.57903594,0.4742836,0.010954013,0.083491206,False,False,3,10,True,2,2,0,1.1143159036955705,1.1143159036955705,1.1143159036955705,1.1143159036955705,0.0,False,False,nan,False
2,-0.01726389,1.4429023,-0.5693024,0.44730547,0.013172606,0.04437579,False,False,3,10,False,2,2,0,1.1835905562190032,2.2979064599145738,1.1835905562190032,2.2979064599145738,0.0,False,False,nan,False
3,-0.022844696,1.4523574,-0.55803925,0.4202258,0.01313378,-0.0007769341,False,False,3,10,False,2,2,0,1.5646986968377814,3.8626051567523554,1.5646986968377814,3.8626051567523554,0.0,False,False,nan,False
4,-0.028328609,1.4612093,-0.54587924,0.39343387,0.010657922,-0.04952193,False,False,3,10,False,2,2,0,1.8912152600698573,5.7538204168222125,1.8912152600698573,5.7538204168222125,0.0,False,False,nan,False
5,-0.033718206,1.4694631,-0.5340671,0.36686748,0.0058159893,-0.0968477,False,False,3,10,False,2,2,0,2.1126185195575444,7.866438936379756,2.1126185195575444,7.866438936379756,0.0,False,False,nan,False
6,-0.039047528,1.4771245,-0.5265037,0.3405146,-0.0005386872,-0.1271054,False,False,3,10,True,3,3,0,1.8099805717504023,9.67641950813016,1.8099805717504023,9.67641950813016,0.0,False,False,nan,False
7,-0.04437666,1.4841862,-0.5264838,0.31384367,-0.006892222,-0.12708253,False,False,0,10,False,3,3,0,0.052939418615267186,9.729358926745427,0.052939418615267186,9.729358926745427,0.0,False,False,nan,False
8,-0.049705602,1.4906485,-0.52646494,0.2871727,-0.013245085,-0.12706874,False,False,0,10,False,3,3,0,0.025495006381049734,9.754853933126476,0.025495006381049734,9.754853933126476,0.0,False,False,nan,False
9,-0.05503435,1.4965112,-0.52644634,0.26050165,-0.019596972,-0.12704924,False,False,0,10,False,3,3,0,-0.007615807250857642,9.747238125875619,-0.007615807250857642,9.747238125875619,0.0,False,False,nan,False
10,-0.060362816,1.5017745,-0.5264277,0.23383039,-0.025947845,-0.12702918,False,False,0,10,False,3,3,0,-0.04655777914365444,9.700680346731964,-0.04655777914365444,9.700680346731964,0.0,False,False,nan,False
11,-0.06569109,1.5064385,-0.52640915,0.20715897,-0.032297723,-0.12700921,False,False,0,10,True,4,4,0,-0.09138805211725298,9.609292294614711,-0.09138805211725298,9.609292294614711,0.0,False,False,nan,False
12,-0.07101917,1.5105028,-0.5263907,0.18048741,-0.03864662,-0.1269894,False,False,0,10,False,4,4,0,-0.14194757321558882,9.467344721399122,-0.14194757321558882,9.467344721399122,0.0,False,False,nan,False
13,-0.07634707,1.5139676,-0.52637225,0.1538157,-0.044994522,-0.1269696,False,False,0,10,False,4,4,0,-0.19801869757921509,9.269326023819907,-0.19801869757921509,9.269326023819907,0.0,False,False,nan,False
14,-0.08167477,1.5168331,-0.52635396,0.12714379,-0.051341437,-0.12694988,False,False,0,10,False,4,4,0,-0.2592494985706253,9.010076525249282,-0.2592494985706253,9.010076525249282,0.0,False,False,nan,False
15,-0.08700218,1.5190989,-0.52633584,0.10047172,-0.05768738,-0.12693024,False,False,0,10,False,4,4,0,-0.3250827172559241,8.684993807993358,-0.3250827172559241,8.684993807993358,0.0,False,False,nan,False
16,-0.09232931,1.5207653,-0.5263177,0.07379951,-0.06403235,-0.12691066,False,False,0,10,True,5,5,0,-0.39492548472043154,8.290068323272926,-0.39492548472043154,8.290068323272926,0.0,False,False,nan,False
17,-0.09765644,1.5218322,-0.5262997,0.047127105,-0.070376314,-0.1268911,False,False,0,10,False,5,5,0,-0.4679694614655716,7.822098861807355,-0.4679694614655716,7.822098861807355,0.0,False,False,nan,False
18,-0.10298328,1.5222994,-0.52628183,0.020454533,-0.07671933,-0.12687168,False,False,0,10,False,5,5,0,-0.5433236051072754,7.278775256700079,-0.5433236051072754,7.278775256700079,0.0,False,False,nan,False
19,-0.10830984,1.5221672,-0.5262641,-0.006218199,-0.08306137,-0.12685232,False,False,0,10,False,5,5,0,-0.6200569335925366,6.658718323107543,-0.6200569335925366,6.658718323107543,0.0,False,False,nan,False
20,-0.11363621,1.5214355,-0.52624637,-0.03289106,-0.089402445,-0.12683302,False,False,0,10,False,5,5,0,-0.6971129486875327,5.96160537442001,-0.6971129486875327,5.96160537442001,0.0,False,False,nan,False
21,-0.118962385,1.5201042,-0.5262288,-0.05956405,-0.09574256,-0.12681386,False,False,0,10,True,6,6,0,-0.7734642959520386,5.188141078467972,-0.7734642959520386,5.188141078467972,0.0,False,False,nan,False
22,-0.124288276,1.5181733,-0.5262114,-0.086237125,-0.10208172,-0.12679468,False,False,0,10,False,6,6,0,-0.8481423071303311,4.3399987713376404,-0.8481423071303311,4.3399987713376404,0.0,False,False,nan,False
23,-0.12961397,1.5156429,-0.526194,-0.11291036,-0.10841994,-0.12677564,False,False,0,10,False,6,6,0,-0.9201612242562192,3.4198375470814213,-0.9201612242562192,3.4198375470814213,0.0,False,False,nan,False
24,-0.13493948,1.5125128,-0.5261768,-0.13958366,-0.11475722,-0.12675668,False,False,0,10,False,6,6,0,-0.988711331237937,2.4311262158434843,-0.988711331237937,2.4311262158434843,0.0,False,False,nan,False
25,-0.14025907,1.5087717,-0.5260028,-0.16674879,-0.12069159,-0.11869528,False,False,0,10,False,6,6,0,-1.011560071958172,1.4195661438853122,-1.011560071958172,1.4195661438853122,0.0,False,False,nan,False
26,-0.14558592,1.5044215,-0.5263173,-0.19387613,-0.12702785,-0.12672494,False,False,0,10,True,7,7,0,-1.159802582336539,0.2597635615487732,-1.159802582336539,0.2597635615487732,0.0,False,False,nan,False
27,-0.15091267,1.4994715,-0.52631795,-0.2205462,-0.1333641,-0.12672478,False,False,0,10,False,7,7,0,-1.1701875497799108,-0.9104239882311376,-1.1701875497799108,-0.9104239882311376,0.0,False,False,nan,False
28,-0.15623951,1.4939224,-0.52631855,-0.24721621,-0.13970031,-0.12672451,False,False,0,10,False,7,7,0,-1.2188088889976143,-2.129232877228752,-1.2188088889976143,-2.129232877228752,0.0,False,False,nan,False
29,-0.16156626,1.4877734,-0.5263192,-0.2738862,-0.14603652,-0.12672438,False,False,0,10,False,7,7,0,-1.261698329857552,-3.390931207086304,-1.261698329857552,-3.390931207086304,0.0,False,False,nan,False
30,-0.166893,1.4810252,-0.52631986,-0.30055618,-0.15237269,-0.12672397,False,False,0,10,False,7,7,0,-1.2988567074356752,-4.689787914521979,-1.2988567074356752,-4.689787914521979,0.0,False,False,nan,False
31,-0.17221966,1.4736778,-0.5263206,-0.3272262,-0.15870884,-0.12672326,False,False,0,10,True,8,8,0,-1.3302861325217918,-6.020074047043771,-1.3302861325217918,-6.020074047043771,0.0,False,False,nan,False
32,-0.17754622,1.4657305,-0.52632135,-0.3538962,-0.16504498,-0.12672274,False,False,0,10,False,8,8,0,-1.3560861257507213,-7.376160172794492,-1.3560861257507213,-7.376160172794492,0.0,False,False,nan,False
33,-0.18287277,1.457184,-0.5263221,-0.3805662,-0.17138112,-0.1267226,False,False,0,10,False,8,8,0,-1.3765016544343212,-8.752661827228813,-1.3765016544343212,-8.752661827228813,0.0,False,False,nan,False
34,-0.18819913,1.4480379,-0.526323,-0.40723622,-0.17771722,-0.12672225,False,False,0,10,False,8,8,0,-1.3917334089466067,-10.14439523617542,-1.3917334089466067,-10.14439523617542,0.0,False,False,nan,False
35,-0.19352551,1.4382921,-0.5263239,-0.4339062,-0.18405332,-0.12672187,False,False,0,10,False,8,8,0,-1.4020492184439775,-11.546444454619397,-1.4020492184439775,-11.546444454619397,0.0,False,False,nan,False
36,-0.19885187,1.4279472,-0.52632487,-0.46057618,-0.1903894,-0.12672152,False,False,0,10,True,9,9,0,-1.4077664622518284,-12.954210916871226,-1.4077664622518284,-12.954210916871226,0.0,False,False,nan,False
37,-0.20417818,1.4170027,-0.5263258,-0.48724616,-0.19672546,-0.12672117,False,False,0,10,False,9,9,0,-1.409174731655213,-14.363385648526439,-1.409174731655213,-14.363385648526439,0.0,False,False,nan,False
38,-0.20950437,1.4054587,-0.5263268,-0.51391613,-0.20306148,-0.12672079,False,False,0,10,False,9,9,0,-1.4065412762525114,-15.76992692477895,-1.4065412762525114,-15.76992692477895,0.0,False,False,nan,False
39,-0.21483049,1.3933152,-0.5263277,-0.5405861,-0.20939748,-0.12672019,False,False,0,10,False,9,9,0,-1.4002402173811674,-17.170167142160118,-1.4002402173811674,-17.170167142160118,0.0,False,False,nan,False
40,-0.22015658,1.3805722,-0.5263288,-0.567256,-0.21573345,-0.12671985,False,False,0,10,False,9,9,0,-1.3905167191529415,-18.56068386131306,-1.3905167191529415,-18.56068386131306,0.0,False,False,nan,False
41,-0.22548255,1.3672298,-0.5263299,-0.5939259,-0.22206943,-0.12671944,False,False,0,10,True,10,10,0,-1.377698555094156,-19.938382416407215,-1.377698555094156,-19.938382416407215,0.0,False,False,nan,False
42,-0.2308085,1.353288,-0.52633095,-0.6205958,-0.22840537,-0.12671909,False,False,0,10,False,10,10,0,-1.3620302611194575,-21.300412677526673,-1.3620302611194575,-21.300412677526673,0.0,False,False,nan,False
43,-0.23613438,1.3387465,-0.526332,-0.64726573,-0.23474132,-0.12671874,False,False,0,10,False,10,10,0,-1.3437638424751128,-22.644176520001785,-1.3437638424751128,-22.644176520001785,0.0,False,False,nan,False
44,-0.24146013,1.3236058,-0.5263332,-0.6739357,-0.24107723,-0.12671842,False,False,0,10,False,10,10,0,-1.3231916227689169,-23.967368142770702,-1.3231916227689169,-23.967368142770702,0.0,False,False,nan,False
45,-0.24678579,1.3078653,-0.52633446,-0.70060563,-0.24741311,-0.12671804,False,False,0,10,False,10,10,0,-1.300493869027889,-25.26786201179859,-1.300493869027889,-25.26786201179859,0.0,False,False,nan,False
46,-0.25211138,1.2915254,-0.5263357,-0.7272756,-0.25374898,-0.1267177,False,False,0,10,True,11,11,0,-1.2759517158271194,-26.54381372762571,-1.2759517158271194,-26.54381372762571,0.0,False,False,nan,False
47,-0.25719815,1.2758869,-0.5025238,-0.6961263,-0.26002228,-0.12546594,False,False,2,10,False,11,11,0,4.427055922690482,-22.11675780493523,4.427055922690482,-22.11675780493523,0.0,False,False,nan,False
48,-0.2620605,1.260852,-0.4801404,-0.66931576,-0.26624617,-0.1244784,False,False,2,10,False,11,11,0,3.936630875127446,-18.180126929807784,3.936630875127446,-18.180126929807784,0.0,False,False,nan,False
49,-0.26673007,1.2464489,-0.4607389,-0.64127964,-0.27260882,-0.1272532,False,False,2,10,False,11,11,0,3.7856278524090614,-14.394499077398724,3.7856278524090614,-14.394499077398724,0.0,False,False,nan,False
50,-0.27109712,1.2327225,-0.43077797,-0.6111687,-0.27868363,-0.12149634,False,False,2,10,False,11,11,0,4.531861468486636,-9.862637608912088,4.531861468486636,-9.862637608912088,0.0,False,False,nan,False
51,-0.27546144,1.2189758,-0.43004876,-0.6121992,-0.28523722,-0.1310719,False,False,2,10,True,12,12,0,0.24909945657993832,-9.61353815233215,0.24909945657993832,-9.61353815233215,0.0,False,False,nan,False
52,-0.27974707,1.2058151,-0.4215393,-0.5863107,-0.2924701,-0.14465733,False,False,2,10,False,12,12,0,2.767132987134585,-6.846405165197566,2.767132987134585,-6.846405165197566,0.0,False,False,nan,False
53,-0.28368178,1.1930184,-0.38713473,-0.5700224,-0.29900578,-0.13071342,False,False,2,10,False,12,12,0,3.5084596229479645,-3.337945542249601,3.5084596229479645,-3.337945542249601,0.0,False,False,nan,False
54,-0.2874345,1.1806449,-0.36882463,-0.55127186,-0.30566564,-0.13319738,False,False,2,10,False,12,12,0,2.7274949195196543,-0.6104506227299469,2.7274949195196543,-0.6104506227299469,0.0,False,False,nan,False
55,-0.29092342,1.1690812,-0.34232444,-0.51533824,-0.3124697,-0.13608083,False,False,2,10,False,12,12,0,4.518889954831178,3.9084393321012314,4.518889954831178,3.9084393321012314,0.0,False,False,nan,False
56,-0.29416317,1.1578734,-0.31760228,-0.4995082,-0.31908274,-0.13226077,False,False,2,10,True,13,13,0,2.721322744744225,6.629762076845457,2.721322744744225,6.629762076845457,0.0,False,False,nan,False
57,-0.29707664,1.1468827,-0.28561315,-0.48974863,-0.3250536,-0.119416736,False,False,2,10,False,13,13,0,2.5933209182053476,9.223082995050804,2.5933209182053476,9.223082995050804,0.0,False,False,nan,False
58,-0.2998554,1.1365706,-0.27150646,-0.4597666,-0.33169165,-0.13276109,False,False,2,10,False,13,13,0,3.2634140457264893,12.486497040777294,3.2634140457264893,12.486497040777294,0.0,False,False,nan,False
59,-0.30228266,1.126754,-0.23678789,-0.43765795,-0.33789268,-0.12402047,False,False,2,10,False,13,13,0,3.6002701952409497,16.086767236018243,3.6002701952409497,16.086767236018243,0.0,False,False,nan,False
60,-0.30441624,1.1174812,-0.2075386,-0.4135041,-0.3439804,-0.12175465,False,False,2,10,False,13,13,0,3.4250349799780624,19.511802215996305,3.4250349799780624,19.511802215996305,0.0,False,False,nan,False
61,-0.30616245,1.1084604,-0.16958195,-0.4021345,-0.3492679,-0.10574992,False,False,2,10,True,14,14,0,2.6185022171292305,22.130304433125534,2.6185022171292305,22.130304433125534,0.0,False,False,nan,False
62,-0.3079668,1.0988679,-0.17691393,-0.42720288,-0.35296914,-0.07402505,False,False,1,10,False,14,14,0,-2.1200451831147675,20.010259250010765,-2.1200451831147675,20.010259250010765,0.0,False,False,nan,False
63,-0.30982667,1.0887165,-0.18401067,-0.45165431,-0.35504717,-0.04156079,False,False,1,10,False,14,14,0,-1.8428493386760454,18.16740991133472,-1.8428493386760454,18.16740991133472,0.0,False,False,nan,False
64,-0.31174836,1.0779969,-0.19181061,-0.47652236,-0.35542446,-0.007546057,False,False,1,10,False,14,14,0,-1.6880688170719214,16.479341094262796,-1.6880688170719214,16.479341094262796,0.0,False,False,nan,False
65,-0.31373054,1.0667219,-0.19953948,-0.50078094,-0.35403383,0.027812768,False,False,1,10,False,14,14,0,-1.4033614937200969,15.0759796005427,-1.4033614937200969,15.0759796005427,0.0,False,False,nan,False
66,-0.31578866,1.0548859,-0.20912023,-0.5252361,-0.350554,0.069596775,False,False,1,25,True,15,15,0,-1.2323092521912133,13.843670348351488,-1.2323092521912133,13.843670348351488,0.0,False,False,nan,False
67,-0.3177603,1.0424037,-0.1981912,-0.55451876,-0.34946904,0.021699179,False,False,3,25,False,15,15,0,-1.137325228893501,12.706345119457987,-1.137325228893501,12.706345119457987,0.0,False,False,nan,False
68,-0.31965795,1.0292852,-0.1888738,-0.5832631,-0.35040584,-0.01873624,False,False,3,25,True,16,16,0,-1.3465649602721317,11.359780159185856,-1.3465649602721317,11.359780159185856,0.0,False,False,nan,False
69,-0.32135773,1.0166467,-0.16882089,-0.56198823,-0.35162598,-0.02440266,False,False,2,25,False,16,16,0,3.3616129634926155,14.721393122678471,3.3616129634926155,14.721393122678471,0.0,False,False,nan,False
70,-0.32301754,1.0042764,-0.16410972,-0.55026025,-0.35359323,-0.0393455,False,False,2,25,True,17,17,0,1.890068008318434,16.611461130996904,1.890068008318434,16.611461130996904,0.0,False,False,nan,False
71,-0.32435322,0.992796,-0.13152617,-0.5107424,-0.3557446,-0.043027543,False,False,2,25,False,17,17,0,5.216287801706568,21.82774893270347,5.216287801706568,21.82774893270347,0.0,False,False,nan,False
72,-0.32559577,0.98139614,-0.12190433,-0.5072493,-0.35822242,-0.049556423,False,False,2,25,True,18,18,0,1.0675617852093182,22.89531071791279,1.0675617852093182,22.89531071791279,0.0,False,False,nan,False
73,-0.3263523,0.97065824,-0.074003704,-0.4776484,-0.35995921,-0.03473583,False,False,2,25,False,18,18,0,4.355312232619593,27.25062295053238,4.355312232619593,27.25062295053238,0.0,False,False,nan,False
74,-0.3270065,0.9604363,-0.0630423,-0.45490602,-0.36246407,-0.050097026,False,False,2,25,True,19,19,0,2.8061988388942156,30.056821789426596,2.8061988388942156,30.056821789426596,0.0,False,False,nan,False
75,-0.32736745,0.9502606,-0.0342572,-0.45271623,-0.36440766,-0.038871553,False,False,2,25,False,19,19,0,0.9809222348722073,31.037744024298803,0.9809222348722073,31.037744024298803,0.0,False,False,nan,False
76,-0.32747245,0.94009596,-0.009073001,-0.45212644,-0.36591646,-0.030175894,False,False,2,25,True,20,20,0,0.6854531568172433,31.723197181116046,0.6854531568172433,31.723197181116046,0.0,False,False,nan,False
77,-0.32731405,0.9299986,0.016888872,-0.44904688,-0.36702347,-0.022140231,False,False,2,25,False,20,20,0,0.8328560896928081,32.55605327080885,0.8328560896928081,32.55605327080885,0.0,False,False,nan,False
78,-0.32687798,0.9201163,0.04437024,-0.4394007,-0.36783403,-0.01621138,False,False,2,25,True,21,21,0,1.3380857034769746,33.89413897428583,1.3380857034769746,33.89413897428583,0.0,False,False,nan,False
79,-0.32650742,0.9096748,0.036064684,-0.46380705,-0.36678544,0.020971812,False,False,1,25,False,21,21,0,-1.2865303656175786,32.60760860866825,-1.2865303656175786,32.60760860866825,0.0,False,False,nan,False
80,-0.3261966,0.8986748,0.028456014,-0.48822275,-0.36400932,0.05552212,False,False,1,25,True,22,22,0,-1.0915909519432023,31.516017656725047,-1.0915909519432023,31.516017656725047,0.0,False,False,nan,False
81,-0.32561073,0.8884491,0.056262255,-0.4538878,-0.36155236,0.04913903,False,False,2,25,False,22,22,0,4.095422652533455,35.611440309258505,4.095422652533455,35.611440309258505,0.0,False,False,nan,False
82,-0.32474542,0.8788403,0.08431313,-0.42650256,-0.35921332,0.046780936,False,False,2,25,True,23,23,0,3.1260530386697214,38.73749334792823,3.1260530386697214,38.73749334792823,0.0,False,False,nan,False
83,-0.3239426,0.8686601,0.07644717,-0.45149955,-0.355178,0.0807063,False,False,1,25,False,23,23,0,-0.9610795724365164,37.77641377549171,-0.9610795724365164,37.77641377549171,0.0,False,False,nan,False
84,-0.32320985,0.8579096,0.06765709,-0.47641823,-0.34926283,0.11830328,False,False,1,25,True,24,24,0,-0.7333665591327179,37.04304721635899,-0.7333665591327179,37.04304721635899,0.0,False,False,nan,False
85,-0.32238048,0.8473648,0.07771062,-0.467403,-0.34377748,0.10970684,False,False,2,25,False,24,24,0,2.0020044887404937,39.04505170509949,2.0020044887404937,39.04505170509949,0.0,False,False,nan,False
86,-0.3214808,0.8368258,0.085038915,-0.46723428,-0.33861527,0.10324439,False,False,2,25,True,25,25,0,1.1236700504280577,40.16872175552755,1.1236700504280577,40.16872175552755,0.0,False,False,nan,False
87,-0.320666,0.8257281,0.07432651,-0.49156532,-0.33113655,0.14957434,False,False,1,25,False,25,25,0,-0.44182527863014687,39.7268964768974,-0.44182527863014687,39.7268964768974,0.0,False,False,nan,False
88,-0.31991878,0.8140637,0.065773,-0.51639843,-0.32181275,0.18647614,False,False,1,25,True,26,26,0,-0.32570409145378565,39.401192385443615,-0.32570409145378565,39.401192385443615,0.0,False,False,nan,False
89,-0.31891313,0.8028401,0.091476835,-0.4968411,-0.31236953,0.18886463,False,False,2,25,False,26,26,0,3.262933864455431,42.66412624989905,3.262933864455431,42.66412624989905,0.0,False,False,nan,False
90,-0.3176496,0.7914795,0.116562426,-0.5028445,-0.3022304,0.20278306,False,False,2,25,True,27,27,0,0.7172782127471578,43.38140446264621,0.7172782127471578,43.38140446264621,0.0,False,False,nan,False
91,-0.3163858,0.7795202,0.11655848,-0.52951944,-0.2920913,0.20278156,False,False,0,25,False,27,27,0,-0.43162910947245337,42.949775353173756,-0.43162910947245337,42.949775353173756,0.0,False,False,nan,False
92,-0.31512174,0.7669622,0.116554655,-0.5561944,-0.2819523,0.2027801,False,False,0,25,True,28,28,0,-0.3836529241218045,42.56612242905195,-0.3836529241218045,42.56612242905195,0.0,False,False,nan,False
93,-0.31388554,0.7544625,0.11441253,-0.5537914,-0.27250123,0.18902111,False,False,2,25,False,28,28,0,2.126371306976478,44.69249373602843,2.126371306976478,44.69249373602843,0.0,False,False,nan,False
94,-0.31252512,0.7425794,0.12725352,-0.5265291,-0.26350582,0.17990802,False,False,2,25,True,29,29,0,4.128091280915823,48.82058501694426,4.128091280915823,48.82058501694426,0.0,False,False,nan,False
95,-0.31085044,0.7308728,0.15789665,-0.5186077,-0.25373068,0.19550279,False,False,2,25,False,29,29,0,1.7785590457867044,50.599144062730964,1.7785590457867044,50.599144062730964,0.0,False,False,nan,False
96,-0.3089559,0.71912813,0.17932066,-0.5202662,-0.24340628,0.20648798,False,False,2,5,True,30,30,0,1.0677828833011176,51.666926946032085,1.0677828833011176,51.666926946032085,0.0,False,False,nan,False
97,-0.30706114,0.70678496,0.17931733,-0.5469415,-0.23308194,0.20648646,False,False,0,5,False,30,30,0,-0.28771955679582106,51.379207389236264,-0.28771955679582106,51.379207389236264,0.0,False,False,nan,False
98,-0.30516616,0.6938431,0.17931412,-0.57361686,-0.22275768,0.20648491,False,False,0,5,False,30,30,0,-0.246265566473312,51.13294182276295,-0.246265566473312,51.13294182276295,0.0,False,False,nan,False
99,-0.30327097,0.6803028,0.17931107,-0.6002922,-0.2124335,0.2064834,False,False,0,5,False,30,30,0,-0.20375961556780453,50.92918220719515,-0.20375961556780453,50.92918220719515,0.0,False,False,nan,False
100,-0.30137554,0.66616374,0.17930815,-0.62696755,-0.2021094,0.20648184,False,False,0,5,False,30,30,0,-0.1604593587566967,50.76872284843845,-0.1604593587566967,50.76872284843845,0.0,False,False,nan,False
101,-0.29947996,0.651426,0.17930536,-0.65364295,-0.19178537,0.20648031,False,False,0,5,False,30,30,0,-0.11664209481187982,50.65208075362657,-0.11664209481187982,50.65208075362657,0.0,False,False,nan,False
102,-0.29758412,0.6360898,0.17930272,-0.6803184,-0.18146142,0.20647883,False,False,0,5,False,30,30,0,-0.07253088969878263,50.57954986392779,-0.07253088969878263,50.57954986392779,0.0,False,False,nan,False
103,-0.2956882,0.6201549,0.1793002,-0.7069938,-0.17113757,0.20647728,False,False,0,5,False,30,30,0,-0.028337327289932546,50.551212536637856,-0.028337327289932546,50.551212536637856,0.0,False,False,nan,False
104,-0.2937921,0.6036214,0.17929783,-0.73366934,-0.16081378,0.2064757,False,False,0,5,False,30,30,0,0.01571261217000597,50.56692514880786,0.01571261217000597,50.56692514880786,0.0,False,False,nan,False
105,-0.2918958,0.58648926,0.17929561,-0.7603448,-0.15049008,0.20647418,False,False,0,5,False,30,30,0,0.059437738835413256,50.626362887643275,0.059437738835413256,50.626362887643275,0.0,False,False,nan,False
106,-0.2899994,0.5687585,0.1792935,-0.7870204,-0.14016645,0.20647267,False,False,0,5,True,31,31,0,0.10257307737046517,50.72893596501374,0.10257307737046517,50.72893596501374,0.0,False,False,nan,False
107,-0.2879054,0.55167377,0.19866914,-0.75834787,-0.12947433,0.21384215,False,False,2,5,False,31,31,0,4.708116123868035,55.43705208888178,4.708116123868035,55.43705208888178,0.0,False,False,nan,False
108,-0.285849,0.5349836,0.19546619,-0.7409338,-0.119349934,0.20248783,False,False,2,5,False,31,31,0,4.049977380053531,59.48702946893531,4.049977380053531,59.48702946893531,0.0,False,False,nan,False
109,-0.28359136,0.5184187,0.21491416,-0.7353809,-0.10856795,0.21563978,False,False,2,5,False,31,31,0,2.3568848390110704,61.843914307946385,2.3568848390110704,61.843914307946385,0.0,False,False,nan,False
110,-0.28136525,0.50245553,0.21229914,-0.70876026,-0.09833164,0.20472626,False,False,2,5,False,31,31,0,4.854985295055099,66.69889960300148,4.854985295055099,66.69889960300148,0.0,False,False,nan,False
111,-0.27919436,0.48696628,0.20734675,-0.68779624,-0.088674136,0.19315025,False,False,2,5,False,31,31,0,4.270645063503463,70.96954466650494,4.270645063503463,70.96954466650494,0.0,False,False,nan,False
112,-0.27710375,0.47214797,0.20003407,-0.65807986,-0.079732634,0.17883004,False,False,2,5,False,31,31,0,5.0368965307601,76.00644119726505,5.0368965307601,76.00644119726505,0.0,False,False,nan,False
113,-0.27490467,0.45765474,0.21060093,-0.64367235,-0.07051796,0.18429351,False,False,2,5,False,31,31,0,3.036015271821083,79.04245646908613,3.036015271821083,79.04245646908613,0.0,False,False,nan,False
114,-0.27268332,0.4437137,0.21296695,-0.6191966,-0.061450552,0.18134822,False,False,2,5,False,31,31,0,4.158761374746445,83.20121784383258,4.158761374746445,83.20121784383258,0.0,False,False,nan,False
115,-0.27025533,0.4303189,0.23288819,-0.5949486,-0.05164588,0.19609322,False,False,2,5,False,31,31,0,3.5355208662142674,86.73673871004685,3.5355208662142674,86.73673871004685,0.0,False,False,nan,False
116,-0.26787353,0.41737685,0.22864532,-0.5749005,-0.04222176,0.18848236,False,False,2,5,True,32,32,0,3.88330794716276,90.62004665720961,3.88330794716276,90.62004665720961,0.0,False,False,nan,False
117,-0.2654224,0.40382433,0.2373395,-0.602133,-0.03454629,0.15350951,False,False,3,5,False,32,32,0,-0.8444324024429324,89.77561425476668,-0.8444324024429324,89.77561425476668,0.0,False,False,nan,False
118,-0.2628736,0.38967812,0.24958506,-0.62860906,-0.029319162,0.10454273,False,False,3,5,False,32,32,0,-1.1009738257746153,88.67464042899206,-1.1009738257746153,88.67464042899206,0.0,False,False,nan,False
119,-0.2602473,0.37493014,0.25931332,-0.6554043,-0.0260408,0.06556724,False,False,3,5,False,32,32,0,-1.1861610306472687,87.4884793983448,-1.1861610306472687,87.4884793983448,0.0,False,False,nan,False
120,-0.25752425,0.3595856,0.2714379,-0.6819646,-0.025188625,0.017043602,False,False,3,5,False,32,32,0,-1.4497227258302121,86.03875667251458,-1.4497227258302121,86.03875667251458,0.0,False,False,nan,False
121,-0.25472337,0.34364328,0.2812057,-0.7085666,-0.026291296,-0.022053454,False,False,3,5,False,32,32,0,-1.519672773579727,84.51908389893485,-1.519672773579727,84.51908389893485,0.0,False,False,nan,False
122,-0.25182787,0.32709906,0.293074,-0.7353664,-0.029771222,-0.06959845,False,False,3,5,False,32,32,0,-1.8121846203781746,82.70689927855668,-1.8121846203781746,82.70689927855668,0.0,False,False,nan,False
123,-0.2488493,0.30995852,0.3034863,-0.76192284,-0.03533413,-0.11125799,False,False,3,5,False,32,32,0,-1.9070941683581413,80.79980511019853,-1.9070941683581413,80.79980511019853,0.0,False,False,nan,False
124,-0.24580106,0.2922194,0.3122297,-0.7885988,-0.042646978,-0.14625695,False,False,3,5,False,32,32,0,-1.9991140700096384,78.8006910401889,-1.9991140700096384,78.8006910401889,0.0,False,False,nan,False
125,-0.24265918,0.27388352,0.323963,-0.815233,-0.052306794,-0.19319636,False,False,3,5,False,32,32,0,-2.3110063636766243,76.48968467651227,-2.3110063636766243,76.48968467651227,0.0,False,False,nan,False
126,-0.23942542,0.2549505,0.33547637,-0.84193397,-0.06426967,-0.23925745,False,False,3,5,True,33,33,0,-2.5159968087316984,73.97368786778057,-2.5159968087316984,73.97368786778057,0.0,False,False,nan,False
127,-0.23621683,0.23665346,0.3333125,-0.8137801,-0.076592766,-0.24646191,False,False,2,5,False,33,33,0,2.6970620355126416,76.67074990329321,2.6970620355126416,76.67074990329321,0.0,False,False,nan,False
128,-0.2330194,0.21886756,0.33249944,-0.7911884,-0.08922878,-0.2527203,False,False,2,5,False,33,33,0,2.0223632324706644,78.69311313576388,2.0223632324706644,78.69311313576388,0.0,False,False,nan,False
129,-0.22983436,0.2016919,0.3316415,-0.7641961,-0.10225342,-0.26049283,False,False,2,5,False,33,33,0,2.3041521197136037,80.99726525547749,2.3041521197136037,80.99726525547749,0.0,False,False,nan,False
130,-0.22658344,0.18461202,0.3381275,-0.7600466,-0.11519355,-0.25880262,False,False,2,5,False,33,33,0,-0.12369289833140157,80.87357235714609,-0.12369289833140157,80.87357235714609,0.0,False,False,nan,False
131,-0.22308508,0.16790845,0.36205202,-0.7433711,-0.127343,-0.24298897,False,False,2,5,False,33,33,0,0.2921983337378407,81.16577069088393,0.2921983337378407,81.16577069088393,0.0,False,False,nan,False
132,-0.2195293,0.15156879,0.36788967,-0.7272999,-0.13960597,-0.24525928,False,False,2,5,False,33,33,0,0.8980522907943651,82.0638229816783,0.8980522907943651,82.0638229816783,0.0,False,False,nan,False
133,-0.21574502,0.13608171,0.3902937,-0.68947285,-0.15144512,-0.236783,False,False,2,5,False,33,33,0,1.9628546558418776,84.02667763752018,1.9628546558418776,84.02667763752018,0.0,False,False,nan,False
134,-0.2117289,0.12143227,0.4130648,-0.65229505,-0.16289258,-0.22894907,False,False,2,5,False,33,33,0,1.674347986871166,85.70102562439135,1.674347986871166,85.70102562439135,0.0,False,False,nan,False
135,-0.20760736,0.10725576,0.42364293,-0.63136834,-0.17439476,-0.23004365,False,False,2,5,False,33,33,0,0.7655359463037399,86.46656157069509,0.7655359463037399,86.46656157069509,0.0,False,False,nan,False
136,-0.20325804,0.0933524,0.44583154,-0.6192432,-0.18532638,-0.21863265,False,False,2,5,True,34,34,0,-0.6636015466806271,85.80296002401447,-0.6636015466806271,85.80296002401447,0.0,False,False,nan,False
137,-0.19890146,0.08030256,0.44731444,-0.58149517,-0.19705006,-0.23447363,False,False,2,5,False,34,34,0,2.3845866216086025,88.18754664562307,2.3845866216086025,88.18754664562307,0.0,False,False,nan,False
138,-0.19447717,0.06816509,0.45466343,-0.54111785,-0.2093783,-0.24656472,False,False,2,5,False,34,34,0,1.996151444792585,90.18369809041566,1.996151444792585,90.18369809041566,0.0,False,False,nan,False
139,-0.18992576,0.056611642,0.4675203,-0.5152919,-0.22188972,-0.2502285,False,False,2,5,False,34,34,0,0.33812902845815246,90.52182711887382,0.33812902845815246,90.52182711887382,0.0,False,False,nan,False
140,-0.1853691,0.045073923,0.4683978,-0.5147569,-0.2347947,-0.25809956,False,False,2,5,False,34,34,0,-0.8686172855156855,89.65320983335813,-0.8686172855156855,89.65320983335813,0.0,False,False,nan,False
141,-0.1805087,0.034118924,0.4982299,-0.4888826,-0.24718116,-0.24772921,False,False,2,5,False,34,34,0,-1.037832434992697,88.61537739836544,-1.037832434992697,88.61537739836544,0.0,False,False,nan,False
142,-0.17548732,0.023408541,0.51419795,-0.478096,-0.25948292,-0.24603501,True,False,2,5,False,34,34,0,-100,-11.384622601634561,-100.0,-11.384622601634561,0.0,False,False,0.478096,False
143,-0.1703227,0.014220724,0.51355684,-0.40858328,-0.25411612,0.11070062,True,False,2,5,False,34,34,0,5.435235610681471,-5.94938699095309,5.435235610681471,-5.94938699095309,0.0,False,False,nan,False
144,-0.1647934,0.006198988,0.5287286,-0.35250488,-0.22968197,0.48845226,True,False,2,5,False,34,34,0,4.823903119176419,-1.1254838717766713,4.823903119176419,-1.1254838717766713,0.0,False,False,nan,False
145,-0.15898895,-0.0009547496,0.5375152,-0.3118437,-0.18641582,0.8652587,True,False,2,5,False,34,34,0,6.022257498590844,4.896773626814173,6.022257498590844,4.896773626814173,0.0,False,False,nan,False
146,-0.15298891,-0.007186594,0.5402997,-0.2706006,-0.12664124,1.195596,True,False,2,5,True,35,34,1,7.9758694048558825,12.872643031670055,7.9758694048558825,12.872643031670055,0.0,False,False,nan,False
147,-0.14675379,-0.012220564,0.55579174,-0.21941489,-0.05933256,1.3463639,True,False,2,5,False,35,34,1,7.694529002262937,20.56717203393299,7.694529002262937,20.56717203393299,0.0,False,False,nan,False
148,-0.14034033,-0.01659403,0.57399076,-0.19308963,0.0072418307,1.3315562,True,False,2,5,False,35,34,1,4.697083275479113,25.264255309412103,4.697083275479113,25.264255309412103,0.0,False,False,nan,False
149,-0.13430071,-0.020267442,0.557462,-0.16414115,0.053182267,0.91883343,False,True,2,5,False,35,34,1,-1.8970707734765881,23.367184535935515,-1.8970707734765881,23.367184535935515,0.0,False,False,nan,False
150,-0.12881537,-0.023491636,0.5235674,-0.14430127,0.07795603,0.4955945,False,True,2,5,False,35,34,1,1.5143647875773325,24.881549323512846,1.5143647875773325,24.881549323512846,0.0,False,False,nan,False
151,-0.12363567,-0.025628498,0.5130825,-0.095225126,0.08286324,0.09822284,False,True,2,5,False,35,34,1,1.8013369867096685,26.682886310222514,1.8013369867096685,26.682886310222514,0.0,False,False,nan,False
152,-0.1187068,-0.02659613,0.50769484,-0.042245254,0.068211086,-0.2930315,False,True,2,5,False,35,34,1,2.8661290028530404,29.549015313075554,2.8661290028530404,29.549015313075554,0.0,False,False,nan,False
153,-0.11400576,-0.026393786,0.49024153,0.009777335,0.048389833,-0.39630443,True,True,2,5,False,35,34,1,14.056028805210456,43.60504411828601,14.056028805210456,43.60504411828601,0.0,False,False,nan,False
154,-0.10945358,-0.024850335,0.47107258,0.069027014,0.03276356,-0.31246713,True,True,2,5,False,35,34,1,3.1644235381858055,46.76946765647182,3.1644235381858055,46.76946765647182,0.0,False,False,nan,False
155,-0.10499744,-0.022242691,0.45575166,0.116086625,0.022764796,-0.19996838,True,True,2,5,False,35,34,1,1.77095931714953,48.54042697362135,1.77095931714953,48.54042697362135,0.0,False,False,nan,False
156,-0.10052691,-0.018336214,0.44779286,0.17364602,0.022007698,-0.015175832,True,False,2,1,True,36,34,2,-10.707965763015007,37.83246121060634,-10.707965763015007,37.83246121060634,0.0,False,False,nan,False
157,-0.096106336,-0.015044322,0.4403751,0.14629169,0.023636298,0.032527585,True,False,1,1,False,36,34,2,1.9224563334134512,39.75491754401979,1.9224563334134512,39.75491754401979,0.0,False,False,nan,False
158,-0.09180079,-0.012382462,0.42764887,0.11825922,0.02652219,0.057723366,True,False,1,1,False,36,34,2,2.1797930870688176,41.934710631088606,2.1797930870688176,41.934710631088606,0.0,False,False,nan,False
159,-0.08755646,-0.010317448,0.41997176,0.09169351,0.030937036,0.08830507,False,False,1,1,False,36,34,2,-8.641104038559467,33.29360659252914,-8.641104038559467,33.29360659252914,0.0,False,False,nan,False
160,-0.0834054,-0.008861902,0.40826553,0.06453583,0.03770214,0.13531476,False,False,1,1,False,36,34,2,1.3752580000111234,34.66886459254026,1.3752580000111234,34.66886459254026,0.0,False,False,nan,False
161,-0.07933064,-0.008016756,0.39869452,0.037318777,0.046386454,0.17370228,False,False,1,1,False,36,34,2,0.8053376184315166,35.474202210971775,0.8053376184315166,35.474202210971775,0.0,False,False,nan,False
162,-0.07534323,-0.00776706,0.38777667,0.010720679,0.057249013,0.21727109,False,False,1,1,False,36,34,2,0.5342038176200614,36.008406028591835,0.5342038176200614,36.008406028591835,0.0,False,False,nan,False
163,-0.07141943,-0.00812526,0.3797976,-0.01645,0.06971024,0.24924794,False,False,1,1,False,36,34,2,-0.11277028246972406,35.89563574612211,-0.11277028246972406,35.89563574612211,0.0,False,False,nan,False
164,-0.06766768,-0.008844915,0.36970198,-0.03225439,0.07507937,0.10731808,False,True,1,1,False,36,34,2,10.701508459790064,46.59714420591217,10.701508459790064,46.59714420591217,0.0,False,False,nan,False
165,-0.064162254,-0.009829286,0.35584638,-0.043494057,0.06977925,-0.10605484,False,True,1,1,False,36,34,2,2.094434516065158,48.69157872197733,2.094434516065158,48.69157872197733,0.0,False,False,nan,False
166,-0.060866546,-0.011070397,0.3460346,-0.054478772,0.05345474,-0.32655218,False,True,1,1,False,36,34,2,2.726794850126241,51.41837357210357,2.726794850126241,51.41837357210357,0.0,False,False,nan,False
167,-0.057727717,-0.012183764,0.32614678,-0.0491057,0.04135889,-0.24188414,True,True,1,1,False,36,34,2,13.513552662255373,64.93192623435894,13.513552662255373,64.93192623435894,0.0,False,False,nan,False
168,-0.054705143,-0.012927558,0.30731246,-0.032926425,0.036342785,-0.1003479,True,True,1,1,False,36,34,2,2.825514998158512,67.75744123251745,2.825514998158512,67.75744123251745,0.0,False,False,nan,False
169,-0.051837634,-0.013209942,0.28854367,-0.012511208,0.0345572,-0.035732847,True,True,1,1,False,36,34,2,2.4459687997996027,70.20341003231705,2.4459687997996027,70.20341003231705,0.0,False,False,nan,False
170,-0.04915724,-0.012995615,0.26786605,0.009520864,0.03471214,0.0030855383,True,True,1,1,False,36,34,2,2.2972949383101606,72.50070497062721,2.2972949383101606,72.50070497062721,0.0,False,False,nan,False
171,-0.046657942,-0.01229259,0.2484102,0.031208951,0.036199793,0.029740509,True,True,1,1,False,36,34,2,1.848049398091747,74.34875436871896,1.848049398091747,74.34875436871896,0.0,False,False,nan,False
172,-0.044331647,-0.011161914,0.23152041,0.05022733,0.03728426,0.021673797,True,True,1,1,False,36,34,2,1.4607305758466904,75.80948494456565,1.4607305758466904,75.80948494456565,0.0,False,False,nan,False
173,-0.0421978,-0.009718027,0.21261914,0.06415652,0.038019314,0.014685454,True,True,1,1,False,36,34,2,1.6196173992877487,77.4291023438534,1.6196173992877487,77.4291023438534,0.0,False,False,nan,False
174,-0.04022751,-0.008113422,0.19685416,0.07131909,0.038179226,0.0031846154,True,True,1,1,False,36,34,2,1.4517427710223327,78.88084511487574,1.4517427710223327,78.88084511487574,0.0,False,False,nan,False
175,-0.038405895,-0.006498482,0.18211873,0.07177914,0.038212463,0.0006528843,True,True,1,1,False,36,34,2,1.5374092531387344,80.41825436801447,1.5374092531387344,80.41825436801447,0.0,False,False,nan,False
176,-0.036722183,-0.004997339,0.1682019,0.066718064,0.038370706,0.0031542615,True,True,1,1,False,36,34,2,1.6235751547770942,82.04182952279157,1.6235751547770942,82.04182952279157,0.0,False,False,nan,False
177,-0.035186194,-0.003952708,0.15830593,0.046543263,0.033728424,-0.092837065,True,True,1,1,False,36,34,2,2.1939991498052804,84.23582867259685,2.1939991498052804,84.23582867259685,0.0,False,False,nan,False
178,-0.033769418,-0.0034171606,0.14785062,0.023926407,0.027635371,-0.12185943,False,True,1,1,False,36,34,2,-7.750920104415864,76.48490856818098,-7.750920104415864,76.48490856818098,0.0,False,False,nan,False
179,-0.03242588,-0.0031493688,0.13646688,0.0119393375,0.025542336,-0.041860238,True,True,1,1,False,36,34,2,11.594237856950242,88.07914642513123,11.594237856950242,88.07914642513123,0.0,False,False,nan,False
180,-0.031210518,-0.0030957602,0.122079566,0.0023864391,0.025002751,-0.010789058,True,True,1,1,False,36,34,2,1.6339641867954822,89.71311061192671,1.6339641867954822,89.71311061192671,0.0,False,False,nan,False
181,-0.030155564,-0.0031222247,0.10546063,-0.0011801148,0.025044369,0.00083547365,True,True,1,1,False,36,34,2,1.7340944695405167,91.44720508146723,1.7340944695405167,91.44720508146723,0.0,False,False,nan,False
182,-0.029244328,-0.0030777,0.09160417,0.0019838132,0.024570279,-0.009479191,True,True,1,1,False,36,34,2,1.4926606653930226,92.93986574686025,1.4926606653930226,92.93986574686025,0.0,False,False,nan,False
183,-0.028525447,-0.0029220248,0.0731956,0.006935932,0.023288682,-0.025630444,True,True,1,1,False,36,34,2,1.9814876271321034,94.92135337399235,1.9814876271321034,94.92135337399235,0.0,False,False,nan,False
184,-0.027969647,-0.0026031279,0.05808695,0.014208525,0.020819122,-0.049391344,True,True,1,1,False,36,34,2,1.6477778333013078,96.56913120729365,1.6477778333013078,96.56913120729365,0.0,False,False,nan,False
185,-0.027572345,-0.0021386766,0.043302916,0.020689461,0.01728539,-0.070675954,True,True,1,1,False,36,34,2,1.5476922775463209,98.11682348483997,1.5476922775463209,98.11682348483997,0.0,False,False,nan,False
186,-0.02732687,-0.00160388,0.028660875,0.023810616,0.013230837,-0.08109276,True,True,1,1,False,36,34,2,1.4766328975207046,99.59345638236067,1.4766328975207046,99.59345638236067,0.0,False,False,nan,False
187,-0.027179813,-0.0010838532,0.018709628,0.023143293,0.00926811,-0.07925406,True,True,1,1,False,36,34,2,1.133625318108691,100.72708170046936,1.133625318108691,100.72708170046936,0.0,False,False,nan,False
188,-0.027151585,-0.00062254904,0.006413508,0.020518767,0.005727801,-0.070805594,True,True,1,1,False,36,34,2,1.15453405085876,101.88161575132811,1.15453405085876,101.88161575132811,0.0,False,False,nan,False
189,-0.027173232,-0.0006178284,-0.002192249,0.0002068879,0.0057411366,0.0002584903,True,True,1,1,False,36,34,2,1.8960879949272897,103.7777037462554,1.8960879949272897,103.7777037462554,0.0,False,False,nan,False
190,-0.027252484,-0.0006201887,-0.007926242,-0.00010637426,0.0057437047,5.0149603e-05,True,True,1,1,False,36,34,2,-0.6106817692954347,103.16702197695996,-0.6106817692954347,103.16702197695996,0.0,False,False,nan,False
191,-0.027369594,-0.0006201887,-0.011707531,6.868644e-07,0.0057437024,-3.237857e-07,True,True,1,1,False,36,34,2,-0.41976545547921407,102.74725652148075,-0.41976545547921407,102.74725652148075,0.0,False,False,nan,False
192,-0.027509117,-0.0006201887,-0.013949129,-1.1129665e-06,0.005743735,5.12238e-07,True,True,1,1,False,36,34,2,-0.26811168729795365,102.47914483418279,-0.26811168729795365,102.47914483418279,0.0,False,False,nan,False
193,-0.027688503,-0.0006201172,-0.017933922,2.8887312e-06,0.005743673,-1.3106553e-06,True,True,1,1,False,36,34,2,-0.4464070047373905,102.0327378294454,-0.4464070047373905,102.0327378294454,0.0,False,False,nan,False
194,-0.027916336,-0.0006201172,-0.022779062,-9.901224e-07,0.005743695,4.5050075e-07,True,True,1,1,False,36,34,2,-0.5372938691700824,101.49544396027531,-0.5372938691700824,101.49544396027531,0.0,False,False,nan,False
195,-0.028173065,-0.0006201172,-0.025669444,1.012681e-07,0.0057436987,-5.1772776e-08,True,True,1,1,False,36,34,2,-0.3447051307467415,101.15073882952856,-0.3447051307467415,101.15073882952856,0.0,False,False,nan,False
196,-0.028456116,-0.0006201172,-0.028303936,4.881335e-07,0.0057436936,-2.1442975e-07,True,True,1,1,False,36,34,2,-0.3217470075089881,100.82899182201957,-0.3217470075089881,100.82899182201957,0.0,False,False,nan,False
197,-0.028780079,-0.00062026025,-0.032394487,-5.1897155e-06,0.00574381,2.3971631e-06,True,True,1,1,False,36,34,2,-0.47145575845637633,100.3575360635632,-0.47145575845637633,100.3575360635632,0.0,False,False,nan,False
198,-0.02916031,-0.0006201172,-0.038019683,7.4405098e-06,0.005743651,-3.4233406e-06,True,True,1,1,False,36,34,2,-0.6305178598822738,99.72701820368093,-0.6305178598822738,99.72701820368093,0.0,False,False,nan,False
199,-0.029601956,-0.00062026025,-0.04416007,-5.9686195e-06,0.0057438007,2.7547137e-06,True,True,1,1,False,36,34,2,-0.6882087442111462,99.03880945946977,-0.6882087442111462,99.03880945946977,0.0,False,False,nan,False
200,-0.030083466,-0.0006201887,-0.048150588,2.0451635e-06,0.005743765,-9.418415e-07,True,True,1,1,False,36,34,2,-0.4771884562444224,98.56162100322535,-0.4771884562444224,98.56162100322535,0.0,False,False,nan,False
201,-0.030581474,-0.00062026025,-0.049796663,-2.9101814e-06,0.0057438393,1.3342944e-06,True,True,1,1,False,36,34,2,-0.24440582870579305,98.31721517451956,-0.24440582870579305,98.31721517451956,0.0,False,False,nan,False
202,-0.031100463,-0.0006201172,-0.05189728,4.942215e-06,0.0057437257,-2.2724453e-06,True,True,1,1,False,36,34,2,-0.29193849985502207,98.02527667466454,-0.29193849985502207,98.02527667466454,0.0,False,False,nan,False
203,-0.031639956,-0.0006201887,-0.053953577,-4.70133e-06,0.005743838,2.1735334e-06,True,True,1,1,False,36,34,2,-0.2895796452180892,97.73569702944646,-0.2895796452180892,97.73569702944646,0.0,False,False,nan,False
204,-0.032229997,-0.0006201172,-0.05900271,2.6496914e-06,0.005743788,-1.2066748e-06,True,True,1,1,False,36,34,2,-0.5939009008648479,97.1417961285816,-0.5939009008648479,97.1417961285816,0.0,False,False,nan,False
205,-0.032882787,-0.00062004564,-0.06527523,2.4010294e-06,0.0057437266,-1.1139133e-06,True,True,1,1,False,36,34,2,-0.7225127475294417,96.41928338105217,-0.7225127475294417,96.41928338105217,0.0,False,False,nan,False
206,-0.03358078,-0.0006201172,-0.069797,-4.713826e-06,0.005743825,2.1854196e-06,True,True,1,1,True,37,34,3,-0.5519747690260555,95.86730861202611,-0.5519747690260555,95.86730861202611,0.0,False,False,nan,False
207,-0.034222126,-0.0006201172,-0.064138986,7.722011e-07,0.00574382,-3.3729106e-07,True,True,0,1,False,37,34,3,0.5016784698523971,96.3689870818785,0.5016784698523971,96.3689870818785,0.0,False,False,nan,False
208,-0.03480692,-0.0006201172,-0.05848214,4.7553996e-08,0.005743816,-3.474412e-08,True,True,0,1,False,37,34,3,0.5072149854038752,96.87620206728238,0.5072149854038752,96.87620206728238,0.0,False,False,nan,False
209,-0.03533516,-0.0006201172,-0.052825432,-3.7207215e-08,0.0057438156,3.31708e-08,True,True,0,1,False,37,34,3,0.5128550109564571,97.38905707823884,0.5128550109564571,97.38905707823884,0.0,False,False,nan,False
210,-0.035806846,-0.0006201172,-0.047168598,-4.1186336e-08,0.005743815,5.459802e-08,True,True,0,1,False,37,34,3,0.518522024934807,97.90757910317365,0.518522024934807,97.90757910317365,0.0,False,False,nan,False
211,-0.03622198,-0.0006201172,-0.041511744,-3.9476813e-08,0.005743814,5.018249e-08,True,True,0,1,False,37,34,3,0.5241781347414474,98.4317572379151,0.5241781347414474,98.4317572379151,0.0,False,False,nan,False
212,-0.036580563,-0.0006201172,-0.035854887,-3.757948e-08,0.0057438137,5.5906007e-08,True,True,0,1,False,37,34,3,0.52983272432974,98.96158996224483,0.52983272432974,98.96158996224483,0.0,False,False,nan,False
213,-0.036882497,-0.0006201172,-0.030198032,-2.7635652e-08,0.00574381,2.3228763e-09,True,True,0,1,False,37,34,3,0.5354969754637118,99.49708693770854,0.5354969754637118,99.49708693770854,0.0,False,False,nan,False
214,-0.037127875,-0.0006201172,-0.024541175,-1.7427405e-08,0.005743813,1.19022175e-07,True,True,0,1,False,37,34,3,0.5411507549409293,100.03823769264947,0.5411507549409293,100.03823769264947,0.0,False,False,nan,False
215,-0.037316702,-0.0006201172,-0.01888432,-5.043042e-09,0.005743815,1.1518656e-07,True,True,0,1,False,37,34,3,0.5468051164642169,100.58504280911369,0.5468051164642169,100.58504280911369,0.0,False,False,nan,False
216,-0.03744898,-0.0006201172,-0.013227465,3.2739287e-09,0.005743817,8.327386e-08,True,True,0,1,False,37,34,3,0.5524598003500039,101.1375026094637,0.5524598003500039,101.1375026094637,0.0,False,False,nan,False
217,-0.0375247,-0.0006201172,-0.007570608,1.44201815e-08,0.005743815,3.0518002e-08,True,True,0,1,False,37,34,3,0.5581146778734976,101.6956172873372,0.5581146778734976,101.6956172873372,0.0,False,False,nan,False
218,-0.03754387,-0.0006201172,-0.0019137512,2.4017163e-08,0.00574381,-4.0845052e-08,True,True,0,1,False,37,34,3,0.5637695554936251,102.25938684283082,0.5637695554936251,102.25938684283082,0.0,False,False,nan,False
219,-0.037531756,-0.00062004564,0.0012261083,2.7329068e-06,0.0057254774,-0.0003564964,True,True,0,1,False,37,34,3,0.07180837209852697,102.33119521492935,0.07180837209852697,102.33119521492935,0.0,False,False,nan,False
220,-0.037517644,-0.00061997416,0.0014286202,3.2050407e-06,0.005704118,-0.00041539306,True,True,0,1,False,37,34,3,-0.01670393063308495,102.31449128429627,-0.01670393063308495,102.31449128429627,0.0,False,False,nan,False
221,-0.0375124,-0.00061997416,0.00053330953,1.2007732e-06,0.0056961244,-0.00015507074,True,True,0,1,False,37,34,3,0.09085508900560235,102.40534637330187,0.09085508900560235,102.40534637330187,0.0,False,False,nan,False
222,-0.037513543,-0.00061997416,-0.00011833352,-2.685892e-07,0.0056978893,3.438179e-05,True,True,0,1,False,37,34,3,0.04120679497449764,102.44655316827637,0.04120679497449764,102.44655316827637,0.0,False,False,nan,False
223,-0.037515927,-0.00061997416,-0.00025173294,-5.6590846e-07,0.005701644,7.31976e-05,True,True,0,1,False,37,34,3,-0.013953825104348283,102.43259934317201,-0.013953825104348283,102.43259934317201,0.0,False,False,nan,False
224,-0.037517168,-0.00061997416,-0.00012591766,-2.8168083e-07,0.0057035205,3.661604e-05,True,True,0,1,False,37,34,3,0.012269938731087393,102.4448692819031,0.012269938731087393,102.4448692819031,0.0,False,False,nan,False
225,-0.037517168,-0.00061997416,-5.4356413e-08,-4.777669e-10,0.005703527,9.3532876e-08,True,True,0,1,False,37,34,3,0.012585710155741836,102.45745499205884,0.012585710155741836,102.45745499205884,0.0,False,False,nan,False
226,-0.037516784,-0.00061997416,4.1128842e-05,9.283232e-08,0.005702912,-1.1951827e-05,True,True,0,1,False,37,34,3,-0.0040078030573944545,102.45344718900145,-0.0040078030573944545,102.45344718900145,0.0,False,False,nan,False
227,-0.037516497,-0.00061997416,2.6914724e-05,6.1970226e-08,0.005702506,-7.829412e-06,True,True,0,1,False,37,34,3,0.001490626910380044,102.45493781591183,0.001490626910380044,102.45493781591183,0.0,False,False,nan,False
228,-0.037516497,-0.00061997416,4.155728e-06,9.3504e-09,0.0057024565,-1.2410227e-06,True,True,0,1,False,37,34,3,0.002280841733904637,102.45721865764574,0.002280841733904637,102.45721865764574,0.0,False,False,nan,False
229,-0.037516594,-0.00061997416,-6.0830557e-06,-1.2817403e-08,0.0057025566,1.7661553e-06,True,True,0,1,False,37,34,3,-0.00021228018946395366,102.45700637745628,-0.00021228018946395366,102.45700637745628,0.0,False,False,nan,False
230,-0.03751669,-0.00061997416,-5.338745e-06,-1.2376225e-08,0.0057026367,1.5729316e-06,True,True,0,1,False,37,34,3,5.68861823211364e-05,102.4570632636386,5.68861823211364e-05,102.4570632636386,0.0,False,False,nan,False
231,-0.03751669,-0.00061997416,-1.5108758e-06,-2.703423e-09,0.0057026586,4.7057324e-07,True,True,0,1,False,37,34,3,0.00038059948687241274,102.45744386312548,0.00038059948687241274,102.45744386312548,0.0,False,False,nan,False
232,-0.03751669,-0.00061997416,7.650503e-07,2.009525e-09,0.0057026525,-1.8118462e-07,True,True,0,1,False,37,34,3,7.518788675220378e-05,102.45751905101223,7.518788675220378e-05,102.45751905101223,0.0,False,False,nan,False
233,-0.03751669,-0.00061997416,1.0022553e-06,1.7046032e-09,0.0057026376,-3.415136e-07,True,True,0,1,False,37,34,3,-2.22302689536491e-05,102.45749682074327,-2.22302689536491e-05,102.45749682074327,0.0,False,False,nan,False
234,-0.03751669,-0.00061997416,4.167428e-07,1.0252431e-09,0.0057026325,-1.637568e-07,True,True,0,1,False,37,34,3,5.9063500630784915e-05,102.4575558842439,5.9063500630784915e-05,102.4575558842439,0.0,False,False,nan,False
235,-0.03751669,-0.00061997416,-7.008278e-08,1.5873994e-10,0.0057026404,9.566033e-08,True,True,0,1,False,37,34,3,3.387448613878519e-05,102.45758975873004,3.387448613878519e-05,102.45758975873004,0.0,False,False,nan,False
236,-0.03751669,-0.00061997416,-1.8309267e-07,-5.1334775e-10,0.0057026483,7.22633e-08,True,True,0,1,False,37,34,3,-1.2092667121876843e-05,102.45757766606292,-1.2092667121876843e-05,102.45757766606292,0.0,False,False,nan,False
237,-0.03751669,-0.00061997416,-1.04490915e-07,2.1133212e-10,0.0057026567,8.7923e-08,True,True,0,1,False,37,34,3,7.022035223513967e-06,102.45758468809814,7.022035223513967e-06,102.45758468809814,0.0,False,False,nan,False
238,-0.03751669,-0.00061997416,-2.8026895e-08,-1.8245553e-09,0.005702664,8.0457944e-08,True,True,0,1,False,37,34,3,6.895432560938275e-06,102.4575915835307,6.895432560938275e-06,102.4575915835307,0.0,False,False,nan,False
239,-0.03751669,-0.00061997416,2.315453e-08,-3.000469e-09,0.005702666,-4.9626028e-08,True,True,0,1,False,37,34,3,2.875447133732223e-07,102.45759187107541,2.875447133732223e-07,102.45759187107541,0.0,False,False,nan,False
240,-0.03751669,-0.00061997416,4.6309207e-08,-1.2457899e-10,0.0057026646,-9.678873e-08,True,True,0,1,False,37,34,3,-2.156426226918029e-06,102.45758971464917,-2.156426226918029e-06,102.45758971464917,0.0,False,False,nan,False
241,-0.03751669,-0.00061997416,3.8386837e-08,8.192824e-10,0.005702664,-9.165541e-08,True,True,0,1,False,37,34,3,8.379456559737264e-07,102.45759055259484,8.379456559737264e-07,102.45759055259484,0.0,False,False,nan,False
242,-0.03751669,-0.00061997416,0.0,0.0,0.005702664,0.0,True,True,0,1,False,37,34,3,100,202.45759055259484,100,202.45759055259484,0.0,True,False,nan,False
