step,x,y,vx,vy,angle,angular_velocity,left_leg_contact,right_leg_contact,navigation_action,current_fps,fresh_observation,n_fresh_observations,n_fresh_observations_before_touchdown,n_fresh_observations_after_touchdown,instant_nav_reward,cumulative_nav_reward,instant_adaptive_reward,cumulative_adaptive_reward,instant_frame_penalty,terminated,truncated,vy_at_touchdown,success
1,-0.0076382635,1.4107776,-0.3811024,-0.01606477,0.0070919017,0.05239799,False,False,3,10,True,2,2,0,0.6461677970813196,0.6461677970813196,-1.3538322029186804,-1.3538322029186804,2.0,False,False,nan,False
2,-0.011337471,1.4098125,-0.37040812,-0.042899463,0.007564224,0.009447335,False,False,3,10,False,2,2,0,0.8724703934646254,1.518638190545945,0.8724703934646254,-0.48136180945405505,0.0,False,False,nan,False
3,-0.014942837,1.4082528,-0.358613,-0.06929748,0.0056709014,-0.03786976,False,False,3,10,False,2,2,0,1.075618112146061,2.5942563026920062,1.075618112146061,0.594256302692006,0.0,False,False,nan,False
4,-0.018457223,1.4060857,-0.34722158,-0.09631147,0.0014962293,-0.0835014,False,False,3,10,False,2,2,0,1.091556221869838,3.685812524561844,1.091556221869838,1.685812524561844,0.0,False,False,nan,False
5,-0.02189045,1.4033296,-0.33703494,-0.12250236,-0.004717496,-0.12428608,False,False,3,10,False,2,2,0,0.09091754111702358,3.776730065678868,0.09091754111702358,1.7767300656788676,0.0,False,False,nan,False
6,-0.025259305,1.3999839,-0.3289726,-0.14873879,-0.012541719,-0.15649876,False,False,3,5,True,3,3,0,-0.7263014236918639,3.050428641987004,-2.726301423691864,-0.9495713580129965,2.0,False,False,nan,False
7,-0.028627967,1.3960391,-0.32894906,-0.17541122,-0.020364424,-0.15646878,False,False,0,5,False,3,3,0,-1.5704314209534118,1.4799972210335923,-1.5704314209534118,-2.5200027789664086,0.0,False,False,nan,False
8,-0.031996347,1.3914951,-0.3289259,-0.20208386,-0.028186241,-0.15645061,False,False,0,5,False,3,3,0,-1.6600683514049308,-0.18007113037133848,-1.6600683514049308,-4.180071130371339,0.0,False,False,nan,False
9,-0.035364438,1.3863521,-0.32890314,-0.2287565,-0.03600682,-0.15642615,False,False,0,5,False,3,3,0,-1.7349424819295223,-1.9150136123008608,-1.7349424819295223,-5.915013612300862,0.0,False,False,nan,False
10,-0.03873234,1.3806095,-0.3288803,-0.25542942,-0.043826167,-0.15640141,False,False,0,5,False,3,3,0,-1.7957058789696703,-3.710719491270531,-1.7957058789696703,-7.710719491270532,0.0,False,False,nan,False
11,-0.042099953,1.3742678,-0.32885763,-0.28210258,-0.05164428,-0.15637666,False,False,0,5,False,3,3,0,-1.8434164765173193,-5.55413596778785,-1.8434164765173193,-9.55413596778785,0.0,False,False,nan,False
12,-0.04546728,1.367327,-0.32883507,-0.30877593,-0.059461173,-0.15635215,False,False,0,5,False,3,3,0,-1.879192900846249,-7.433328868634099,-1.879192900846249,-11.4333288686341,0.0,False,False,nan,False
13,-0.048834324,1.3597867,-0.32881266,-0.33544952,-0.06727681,-0.15632762,False,False,0,5,False,3,3,0,-1.9041887468441132,-9.337517615478212,-1.9041887468441132,-13.337517615478212,0.0,False,False,nan,False
14,-0.05220108,1.3516473,-0.3287904,-0.36212328,-0.075091265,-0.15630326,False,False,0,5,False,3,3,0,-1.9196242618492931,-11.257141877327506,-1.9196242618492931,-15.257141877327506,0.0,False,False,nan,False
15,-0.055567645,1.3429085,-0.32876825,-0.38879725,-0.08290449,-0.15627891,False,False,0,5,False,3,3,0,-1.9265889032108987,-13.183730780538404,-1.9265889032108987,-17.183730780538404,0.0,False,False,nan,False
16,-0.05893383,1.3335706,-0.32874626,-0.41547146,-0.0907165,-0.15625471,False,False,0,5,True,4,4,0,-1.9261123203415025,-15.109843100879907,-3.9261123203415025,-21.109843100879907,2.0,False,False,nan,False
17,-0.06229973,1.3236332,-0.32872444,-0.44214585,-0.09852732,-0.15623054,False,False,0,5,False,4,4,0,-1.91909477278233,-17.028937873662237,-1.91909477278233,-23.028937873662237,0.0,False,False,nan,False
18,-0.06566544,1.3130968,-0.32870275,-0.46882048,-0.10633694,-0.15620652,False,False,0,5,False,4,4,0,-1.9064073687223413,-18.935345242384578,-1.9064073687223413,-24.935345242384578,0.0,False,False,nan,False
19,-0.06903076,1.301961,-0.32868126,-0.4954953,-0.114145346,-0.15618266,False,False,0,5,False,4,4,0,-1.8887080433099754,-20.824053285694553,-1.8887080433099754,-26.824053285694553,0.0,False,False,nan,False
20,-0.0723958,1.2902261,-0.32865992,-0.5221703,-0.121952586,-0.15615886,False,False,0,5,False,4,4,0,-1.866696500835559,-22.690749786530112,-1.866696500835559,-28.690749786530112,0.0,False,False,nan,False
21,-0.07576046,1.2778918,-0.32863873,-0.54884547,-0.12975866,-0.1561354,False,False,0,5,False,4,4,0,-1.8408630362954455,-24.531612822825558,-1.8408630362954455,-30.531612822825558,0.0,False,False,nan,False
22,-0.07912493,1.2649581,-0.32861772,-0.5755209,-0.13756357,-0.15611191,False,False,0,5,False,4,4,0,-1.8117276436574912,-26.34334046648305,-1.8117276436574912,-32.34334046648305,0.0,False,False,nan,False
23,-0.08248911,1.2514253,-0.3285969,-0.6021965,-0.14536728,-0.15608826,False,False,0,5,False,4,4,0,-1.779720419004832,-28.12306088548788,-1.779720419004832,-34.12306088548788,0.0,False,False,nan,False
24,-0.085852906,1.2372931,-0.32857624,-0.6288723,-0.15316984,-0.1560651,False,False,0,5,False,4,4,0,-1.7451650930098026,-29.868225978497684,-1.7451650930098026,-35.868225978497684,0.0,False,False,nan,False
25,-0.08921871,1.2225407,-0.32877254,-0.6564911,-0.16097182,-0.15603974,False,False,0,5,False,4,4,0,-1.8003953004541131,-31.668621278951797,-1.8003953004541131,-37.6686212789518,0.0,False,False,nan,False
26,-0.092584416,1.2071891,-0.32877374,-0.68316287,-0.16877379,-0.15603887,False,False,0,10,True,5,5,0,-1.6687150858030577,-33.337336364754854,-3.6687150858030577,-41.337336364754854,2.0,False,False,nan,False
27,-0.09576168,1.1918426,-0.31048402,-0.6829054,-0.17603013,-0.14512715,False,False,2,10,False,5,5,0,1.2779111683010569,-32.059425196453795,1.2779111683010569,-40.059425196453795,0.0,False,False,nan,False
28,-0.09873076,1.176798,-0.2901393,-0.669465,-0.18282603,-0.13591777,False,False,2,10,False,5,5,0,2.549564591870717,-29.50986060458308,2.549564591870717,-37.509860604583075,0.0,False,False,nan,False
29,-0.101444915,1.1623634,-0.2651246,-0.64232755,-0.18914069,-0.12629318,False,False,2,10,False,5,5,0,3.957621292623128,-25.55223931195995,3.957621292623128,-33.552239311959944,0.0,False,False,nan,False
30,-0.10398922,1.148098,-0.24847965,-0.63479334,-0.19513033,-0.11979301,False,False,2,10,False,5,5,0,1.8194357111489807,-23.73280360081097,1.8194357111489807,-31.732803600810964,0.0,False,False,nan,False
31,-0.10625219,1.1347089,-0.22074214,-0.5958172,-0.2007265,-0.11192322,False,False,2,10,True,6,6,0,5.082782760841281,-18.65002083996969,3.0827827608412806,-28.650020839969685,2.0,False,False,nan,False
32,-0.10858736,1.1207328,-0.2297852,-0.62166554,-0.20448643,-0.075198695,False,False,1,10,False,6,6,0,-1.7748425973341273,-20.42486343730382,-1.7748425973341273,-30.424863437303813,0.0,False,False,nan,False
33,-0.11101618,1.1061802,-0.24154937,-0.6469682,-0.20583491,-0.026969537,False,False,1,10,False,6,6,0,-1.5220184364055445,-21.946881873709366,-1.5220184364055445,-31.94688187370936,0.0,False,False,nan,False
34,-0.11353521,1.0910654,-0.25293377,-0.6716286,-0.20479651,0.0207678,False,False,1,10,False,6,6,0,-1.156879034230285,-23.10376090793965,-1.156879034230285,-33.103760907939645,0.0,False,False,nan,False
35,-0.11614466,1.0753769,-0.26429182,-0.69680345,-0.20141642,0.06760189,False,False,1,10,False,6,6,0,-0.9158541600191075,-24.01961506795876,-0.9158541600191075,-34.01961506795875,0.0,False,False,nan,False
36,-0.11881838,1.0590982,-0.27234858,-0.7228267,-0.19640696,0.100189015,False,False,1,10,True,7,7,0,-0.6593133555304849,-24.678928423489246,-2.659313355530485,-36.67892842348924,2.0,False,False,nan,False
37,-0.1214921,1.04222,-0.27234918,-0.7494954,-0.19139752,0.10018884,False,False,0,10,False,7,7,0,-0.3537165594117937,-25.03264498290104,-0.3537165594117937,-37.03264498290103,0.0,False,False,nan,False
38,-0.12416573,1.024742,-0.2723498,-0.77616405,-0.18638809,0.10018867,False,False,0,10,False,7,7,0,-0.3066082259125835,-25.339253208813624,-0.3066082259125835,-37.339253208813616,0.0,False,False,nan,False
39,-0.12683935,1.0066643,-0.27235043,-0.8028327,-0.18137866,0.10018848,False,False,0,10,False,7,7,0,-0.2587757584273618,-25.598028967240985,-0.2587757584273618,-37.59802896724098,0.0,False,False,nan,False
40,-0.12951288,0.98798704,-0.272351,-0.82950145,-0.17636926,0.10018828,False,False,0,10,False,7,7,0,-0.21039543350858025,-25.808424400749566,-0.21039543350858025,-37.80842440074956,0.0,False,False,nan,False
41,-0.13218641,0.96871006,-0.27235156,-0.8561701,-0.17135985,0.10018815,False,False,0,10,True,8,8,0,-0.161478706987765,-25.96990310773733,-2.161478706987765,-39.96990310773732,2.0,False,False,nan,False
42,-0.13476972,0.9487979,-0.26096404,-0.88467884,-0.16871643,0.052868575,False,False,3,10,False,8,8,0,-0.22122433678933248,-26.191127444526664,-0.22122433678933248,-40.19112744452666,0.0,False,False,nan,False
43,-0.13726597,0.9282622,-0.25002044,-0.9126509,-0.16831635,0.008001542,False,False,3,10,False,8,8,0,-0.38466154998326263,-26.575788994509928,-0.38466154998326263,-40.57578899450992,0.0,False,False,nan,False
44,-0.13966827,0.90710163,-0.23821792,-0.9406954,-0.17033373,-0.040347718,False,False,3,10,False,8,8,0,-0.5863697850112135,-27.162158779521143,-0.5863697850112135,-41.162158779521135,0.0,False,False,nan,False
45,-0.1419816,0.8853185,-0.22702941,-0.9686424,-0.17464137,-0.08615296,False,False,3,10,False,8,8,0,-0.7950584181002387,-27.957217197621382,-0.7950584181002387,-41.957217197621375,0.0,False,False,nan,False
46,-0.14422455,0.86292,-0.21821173,-0.9962137,-0.18074736,-0.12211982,False,False,3,10,True,9,9,0,-0.9604348218128098,-28.917652019434193,-2.96043482181281,-44.917652019434186,2.0,False,False,nan,False
47,-0.14624539,0.8404355,-0.19672282,-0.99997246,-0.1861274,-0.107600704,False,False,2,10,False,9,9,0,1.4137765574944978,-27.503875461939696,1.4137765574944978,-43.503875461939685,0.0,False,False,nan,False
48,-0.14798585,0.818155,-0.16950639,-0.990824,-0.19069216,-0.09129529,False,False,2,10,False,9,9,0,2.7989650771985,-24.704910384741197,2.7989650771985,-40.70491038474118,0.0,False,False,nan,False
49,-0.14940576,0.7965846,-0.13814412,-0.95918643,-0.19456743,-0.07750539,False,False,2,10,False,9,9,0,5.021646093678766,-19.683264291062432,5.021646093678766,-35.683264291062414,0.0,False,False,nan,False
50,-0.15074405,0.7750128,-0.12999004,-0.95925844,-0.198429,-0.07723138,False,False,2,10,False,9,9,0,1.513345506859349,-18.169918784203084,1.513345506859349,-34.16991878420306,0.0,False,False,nan,False
51,-0.15190563,0.75438523,-0.11219082,-0.9173215,-0.20242888,-0.07999753,False,False,2,10,True,10,10,0,5.6878936807803315,-12.482025103422753,3.6878936807803315,-30.482025103422732,2.0,False,False,nan,False
52,-0.15297098,0.7337777,-0.102616236,-0.9164329,-0.20637713,-0.07896492,False,False,2,10,False,10,10,0,1.5022556470261577,-10.979769456396596,1.5022556470261577,-28.979769456396575,0.0,False,False,nan,False
53,-0.15388279,0.71322286,-0.087547645,-0.9140593,-0.21004306,-0.073318616,False,False,2,10,False,10,10,0,1.7170372272898475,-9.26273222910675,1.7170372272898475,-27.262732229106728,0.0,False,False,nan,False
54,-0.15458946,0.6935645,-0.06700717,-0.8742341,-0.2137439,-0.074016675,False,False,2,10,False,10,10,0,5.379390190901813,-3.883342038204936,5.379390190901813,-21.883342038204916,0.0,False,False,nan,False
55,-0.15510646,0.6745371,-0.048081685,-0.84619194,-0.21739244,-0.07297115,False,False,2,10,False,10,10,0,4.103644846264143,0.22030280805920732,4.103644846264143,-17.779697191940773,0.0,False,False,nan,False
56,-0.15538816,0.6556832,-0.025105601,-0.83840406,-0.22049347,-0.06202034,False,False,2,10,True,11,11,0,2.09721251446818,2.3175153225273872,0.09721251446817991,-17.682484677472594,2.0,False,False,nan,False
57,-0.15558214,0.6375577,-0.015843892,-0.8061168,-0.22409508,-0.07203185,False,False,2,10,False,11,11,0,4.348358838653991,6.665874161181378,4.348358838653991,-13.334125838818604,0.0,False,False,nan,False
58,-0.15562162,0.6201788,-0.00016413648,-0.7729751,-0.2279228,-0.076554425,False,False,2,10,False,11,11,0,4.333019664978605,10.998893826159982,4.333019664978605,-9.00110617384,0.0,False,False,nan,False
59,-0.15541191,0.6029312,0.02413337,-0.76705164,-0.23113821,-0.064307965,False,False,2,10,False,11,11,0,1.6095702887142636,12.608464114874245,1.6095702887142636,-7.3915358851257364,0.0,False,False,nan,False
60,-0.15500021,0.5857406,0.043911297,-0.7644589,-0.23390748,-0.05538554,False,False,2,10,False,11,11,0,1.267965045167341,13.876429160041585,1.267965045167341,-6.123570839958395,0.0,False,False,nan,False
61,-0.15449238,0.568851,0.053724326,-0.7511213,-0.23688887,-0.05962797,False,False,2,10,True,12,12,0,2.314257811478382,16.190686971519966,0.31425781147838183,-5.809313028480013,2.0,False,False,nan,False
62,-0.15385437,0.55252415,0.066982806,-0.72615296,-0.24012741,-0.064770795,False,False,2,10,False,12,12,0,3.347748690620006,19.53843566213997,3.347748690620006,-2.4615643378600076,0.0,False,False,nan,False
63,-0.15296908,0.5366182,0.09136645,-0.7073948,-0.24300338,-0.057519488,False,False,2,10,False,12,12,0,2.5638985388002427,22.102334200940213,2.5638985388002427,0.10233420094023504,0.0,False,False,nan,False
64,-0.15204772,0.5213603,0.09571348,-0.6787266,-0.24664444,-0.072821096,False,False,2,10,False,12,12,0,3.6103538560218285,25.71268805696204,3.6103538560218285,3.7126880569620635,0.0,False,False,nan,False
65,-0.15083304,0.5061802,0.12425746,-0.67514193,-0.24948007,-0.056713007,False,False,2,10,False,12,12,0,0.8029334868306364,26.515621543792676,0.8029334868306364,4.5156215437927,0.0,False,False,nan,False
66,-0.14934663,0.49124014,0.1508522,-0.66438156,-0.25173807,-0.045159265,False,False,2,10,True,13,13,0,1.4665443986767002,27.982165942469376,-0.5334556013232998,3.9821659424694005,2.0,False,False,nan,False
67,-0.14753743,0.47688332,0.18261153,-0.638369,-0.25345898,-0.03441857,False,False,2,10,False,13,13,0,2.685332013316736,30.66749795578611,2.685332013316736,6.6674979557861365,0.0,False,False,nan,False
68,-0.14549533,0.46289802,0.20561461,-0.6218145,-0.25488856,-0.028591504,False,False,2,10,False,13,13,0,1.8576059052901257,32.52510386107624,1.8576059052901257,8.525103861076262,0.0,False,False,nan,False
69,-0.14311238,0.44977763,0.23931387,-0.58330387,-0.25593242,-0.020876953,False,False,2,10,False,13,13,0,3.3624778768235446,35.88758173789979,3.3624778768235446,11.887581737899808,0.0,False,False,nan,False
70,-0.14056435,0.4372982,0.25605252,-0.55485845,-0.25720653,-0.02548213,False,False,2,10,False,13,13,0,2.77861317760802,38.66619491550781,2.77861317760802,14.666194915507827,0.0,False,False,nan,False
71,-0.13807431,0.42495498,0.25107569,-0.54895395,-0.2593177,-0.042223364,False,False,2,10,True,14,14,0,1.4842774908210117,40.150472406328824,-0.5157225091789883,14.150472406328838,2.0,False,False,nan,False
72,-0.1356515,0.4120438,0.2425745,-0.57387835,-0.25961438,-0.005933586,False,False,1,10,False,14,14,0,-0.6965176732367968,39.453954733092026,-0.6965176732367968,13.453954733092042,0.0,False,False,nan,False
73,-0.13331413,0.39856696,0.23179829,-0.5986321,-0.25763974,0.03949301,False,False,1,10,False,14,14,0,-0.37013011433586374,39.08382461875616,-0.37013011433586374,13.083824618756179,0.0,False,False,nan,False
74,-0.13106613,0.3845155,0.22059652,-0.6237757,-0.25334936,0.08580731,False,False,1,10,False,14,14,0,-0.16679445979730076,38.91703015895886,-0.16679445979730076,12.917030158958879,0.0,False,False,nan,False
75,-0.1289074,0.36988714,0.20940277,-0.64905006,-0.2467572,0.13184318,False,False,1,10,False,14,14,0,0.04653793077543014,38.96356808973429,0.04653793077543014,12.96356808973431,0.0,False,False,nan,False
76,-0.12682113,0.35468596,0.20028396,-0.6742253,-0.23825648,0.17001405,False,False,1,10,True,15,15,0,0.18788571255302713,39.151453802287314,-1.812114287446973,11.151453802287337,2.0,False,False,nan,False
77,-0.12476702,0.33943927,0.19757532,-0.67637944,-0.23030494,0.15903056,False,False,2,10,False,15,15,0,1.868454716236738,41.019908518524055,1.868454716236738,13.019908518524074,0.0,False,False,nan,False
78,-0.122442916,0.3246885,0.22412679,-0.65431565,-0.22190912,0.16791636,False,False,2,10,False,15,15,0,3.303899594314214,44.32380811283827,3.303899594314214,16.32380811283829,0.0,False,False,nan,False
79,-0.1199749,0.30988514,0.23822889,-0.65665996,-0.21323563,0.17346953,False,False,2,10,False,15,15,0,1.3481793413846332,45.67198745422291,1.3481793413846332,17.671987454222922,0.0,False,False,nan,False
80,-0.1173624,0.29514465,0.252446,-0.65388566,-0.20434164,0.1778794,False,False,2,10,False,15,15,0,1.8183621875300389,47.49034964175295,1.8183621875300389,19.49034964175296,0.0,False,False,nan,False
81,-0.11464691,0.28086936,0.2629286,-0.6332869,-0.1956482,0.17386825,False,False,2,10,True,16,16,0,3.5174577563126066,51.00780739806556,1.5174577563126066,21.007807398065566,2.0,False,False,nan,False
82,-0.1118124,0.26748106,0.2751568,-0.5939589,-0.18730725,0.16681838,False,False,2,10,False,16,16,0,4.9898890183944475,55.99769641646001,4.9898890183944475,25.997696416460013,0.0,False,False,nan,False
83,-0.10861836,0.25488842,0.31027198,-0.5585453,-0.17813405,0.1834636,False,False,2,10,False,16,16,0,3.4676985638861852,59.4653949803462,3.4676985638861852,29.465394980346197,0.0,False,False,nan,False
84,-0.10532083,0.24258365,0.3206146,-0.5458074,-0.1689756,0.18316916,False,False,2,10,False,16,16,0,2.46945026083024,61.93484524117644,2.46945026083024,31.934845241176436,0.0,False,False,nan,False
85,-0.10184278,0.23038854,0.3381922,-0.54094315,-0.1593626,0.19226024,False,False,2,10,False,16,16,0,1.4226782374643505,63.35752347864079,1.4226782374643505,33.357523478640786,0.0,False,False,nan,False
86,-0.09823799,0.21861035,0.35077974,-0.5224636,-0.14966846,0.19388306,False,False,2,10,True,17,17,0,2.758314743102031,66.11583822174282,0.758314743102031,34.11583822174282,2.0,False,False,nan,False
87,-0.09469195,0.20625602,0.3433377,-0.5479888,-0.13843614,0.22464664,False,False,1,10,False,17,17,0,0.6281637503322213,66.74400197207504,0.6281637503322213,34.74400197207504,0.0,False,False,nan,False
88,-0.09122439,0.19331683,0.33347398,-0.57389426,-0.1252077,0.2645688,False,False,1,10,False,17,17,0,0.9038537058586524,67.64785567793369,0.9038537058586524,35.64785567793369,0.0,False,False,nan,False
89,-0.08784361,0.17980844,0.32251608,-0.5991374,-0.109734714,0.30945972,False,False,1,10,False,17,17,0,1.2132510025282113,68.8611066804619,1.2132510025282113,36.8611066804619,0.0,False,False,nan,False
90,-0.08452158,0.16571318,0.3150958,-0.6252877,-0.09276342,0.33942613,False,False,1,10,False,17,17,0,1.1001804937272806,69.96128717418918,1.1001804937272806,37.96128717418918,0.0,False,False,nan,False
91,-0.08127127,0.15102533,0.30607647,-0.6517236,-0.07398582,0.37555206,False,False,1,10,True,18,18,0,1.3171493708865978,71.27843654507578,-0.6828506291134022,37.27843654507578,2.0,False,False,nan,False
92,-0.07809696,0.13644055,0.2989668,-0.64739794,-0.055719834,0.3653199,False,False,2,10,False,18,18,0,3.648242015756904,74.92667856083268,3.648242015756904,40.926678560832684,0.0,False,False,nan,False
93,-0.07475004,0.12201341,0.3155289,-0.6406018,-0.03678766,0.37864378,False,False,2,10,False,18,18,0,2.905469631063707,77.8321481918964,2.905469631063707,43.832148191896394,0.0,False,False,nan,False
94,-0.07125244,0.10784727,0.32998246,-0.6292369,-0.017257078,0.3906113,False,False,2,10,False,18,18,0,3.3942828008482566,81.22643099274465,3.3942828008482566,47.22643099274465,0.0,False,False,nan,False
95,-0.06788635,0.09441391,0.31751925,-0.596926,0.0015935629,0.37701303,False,False,2,10,False,18,18,0,6.002771501818867,87.22920249456352,6.002771501818867,53.22920249456352,0.0,False,False,nan,False
96,-0.06453848,0.081777774,0.3157696,-0.5617309,0.020365452,0.37543774,False,False,2,10,True,19,19,0,2.2057827708319566,89.43498526539548,0.20578277083195662,53.43498526539548,2.0,False,False,nan,False
97,-0.061151218,0.069925845,0.31944185,-0.5271231,0.03940533,0.3807978,False,False,2,10,False,19,19,0,1.7282816672707042,91.16326693266619,1.7282816672707042,55.16326693266619,0.0,False,False,nan,False
98,-0.057758998,0.058747254,0.31976992,-0.49745077,0.058621738,0.38432795,False,False,2,10,False,19,19,0,1.329008348638493,92.49227528130469,1.329008348638493,56.492275281304686,0.0,False,False,nan,False
99,-0.054350186,0.047987446,0.32119256,-0.47910082,0.078098185,0.38952908,False,False,2,10,False,19,19,0,0.1964909321845994,92.68876621348929,0.1964909321845994,56.68876621348929,0.0,False,False,nan,False
100,-0.05087223,0.037621245,0.3275764,-0.46189508,0.09813182,0.40067267,False,False,2,10,False,19,19,0,-0.3261384049521496,92.36262780853714,-0.3261384049521496,56.36262780853714,0.0,False,False,nan,False
101,-0.047362804,0.028034816,0.33020446,-0.42755076,0.1187265,0.41189328,False,False,2,25,True,20,20,0,1.0684660468041443,93.43109385534129,-0.9315339531958557,55.43109385534129,2.0,False,False,nan,False
102,-0.043789864,0.017870747,0.3382545,-0.4533597,0.13768087,0.3790879,False,False,3,25,False,20,20,0,-3.693739463333755,89.73735439200753,-3.693739463333755,51.73735439200753,0.0,False,False,nan,False
103,-0.040121175,0.0071191643,0.350282,-0.47946188,0.1542194,0.33077025,False,True,3,25,True,21,21,0,-100,-10.262645607992468,-102.0,-50.26264560799247,2.0,False,False,0.47946188,True
104,-0.036806963,-0.001975813,0.331366,-0.40483996,0.1512143,-0.06414641,False,True,2,25,False,21,21,0,7.451619277209798,-2.8110263307826697,7.451619277209798,-42.81102633078267,0.0,False,False,nan,True
105,-0.03387604,-0.009765663,0.31610295,-0.34402016,0.12840305,-0.45604357,False,True,2,25,True,22,21,1,7.738321775738851,4.927295444956181,5.738321775738851,-37.07270455504381,2.0,False,False,nan,True
106,-0.031192398,-0.0160769,0.31069785,-0.27740532,0.086382486,-0.84039605,True,True,2,25,False,22,21,1,18.986154402612247,23.91344984756843,18.986154402612247,-18.086550152431567,0.0,False,False,nan,True
107,-0.028549861,-0.02052504,0.30562785,-0.19604087,0.04645026,-0.79739404,True,True,2,10,True,23,21,2,9.028113885643972,32.941563733212405,7.028113885643972,-11.058436266787595,2.0,False,False,nan,True
108,-0.026122283,-0.023254849,0.27773938,-0.12063713,0.011904465,-0.69091284,True,True,2,10,False,23,21,2,9.202482050663743,42.14404578387615,9.202482050663743,-1.8559542161238518,0.0,False,False,nan,True
109,-0.023646068,-0.024664298,0.27169326,-0.06264115,-0.011847699,-0.4750403,True,True,2,10,False,23,21,2,2.184900762732579,44.328946546608734,2.184900762732579,0.32894654660872735,0.0,False,False,nan,True
110,-0.021178912,-0.025049284,0.25866538,-0.017252672,-0.023635948,-0.2357639,True,True,2,10,False,23,21,2,0.615814404913867,44.9447609515226,0.615814404913867,0.9447609515225943,0.0,False,False,nan,True
111,-0.018668557,-0.024685003,0.25197947,0.016175801,-0.024583984,-0.01896244,True,True,2,10,False,23,21,2,0.4647199989834306,45.40948095050604,0.4647199989834306,1.4094809505060248,0.0,False,False,nan,True
112,-0.016126823,-0.022984125,0.24968532,0.07566602,-0.020162169,0.08841755,True,True,2,10,True,24,21,3,-0.41067743547813435,44.9988035150279,-2.410677435478134,-1.0011964849721093,2.0,False,False,nan,True
113,-0.013633919,-0.021384563,0.24496189,0.07114783,-0.015897505,0.08527545,True,True,0,10,False,24,21,3,1.2794756889785717,46.27827920400647,1.2794756889785717,0.27827920400646233,0.0,False,False,nan,True
114,-0.011202812,-0.01998277,0.2411999,0.062322736,-0.014030295,0.037333686,True,True,0,10,False,24,21,3,1.0282922775630112,47.306571481569485,1.0282922775630112,1.3065714815694736,0.0,False,False,nan,True
115,-0.008825207,-0.018831816,0.23791277,0.05115425,-0.014191144,-0.003220278,True,True,0,10,False,24,21,3,0.7722258557041606,48.07879733727364,0.7722258557041606,2.078797337273634,0.0,False,False,nan,True
116,-0.0064880373,-0.017939856,0.2346606,0.039635237,-0.0151217,-0.018609237,True,True,0,10,False,24,21,3,0.6155265262886296,48.694323863562275,0.6155265262886296,2.6943238635622637,0.0,False,False,nan,True
117,-0.004185009,-0.017276026,0.23109646,0.029494125,-0.015898198,-0.01552632,True,True,0,10,True,25,21,4,0.5538205036319326,49.24814436719421,-1.4461794963680674,1.2481443671941963,2.0,False,False,nan,True
118,-0.0019187927,-0.016780928,0.22697794,0.022000246,-0.016252676,-0.0070855855,True,True,0,10,False,25,21,4,0.5460266639690161,49.79417103116322,0.5460266639690161,1.7941710311632124,0.0,False,False,nan,True
119,0.0003019333,-0.016379096,0.22217242,0.017856373,-0.016332475,-0.0015918901,True,True,0,10,False,25,21,4,0.5581406170096983,50.35231164817292,0.5581406170096983,2.3523116481729107,0.0,False,False,nan,True
120,0.0024681091,-0.015992608,0.21665819,0.0171764,-0.01636075,-0.0005614518,True,True,0,10,False,25,21,4,0.5722530375138284,50.92456468568675,0.5722530375138284,2.924564685686739,0.0,False,False,nan,True
121,0.004572296,-0.015552797,0.21051708,0.019546181,-0.016450433,-0.0017898505,True,True,0,10,False,25,21,4,0.5796729905912272,51.504237676277974,0.5796729905912272,3.5042376762779663,0.0,False,False,nan,True
122,0.006610012,-0.01500931,0.20391233,0.024153885,-0.016591528,-0.002818957,True,True,0,1,True,26,21,5,0.5754168051163511,52.07965448139433,-1.424583194883649,2.0796544813943174,2.0,False,False,nan,True
123,0.008579254,-0.014335074,0.19705603,0.029964227,-0.016720807,-0.002583849,True,True,0,1,False,26,21,5,0.5581567483423768,52.637811229736705,0.5581567483423768,2.6378112297366942,0.0,False,False,nan,True
124,0.010480309,-0.013527193,0.19017026,0.035904303,-0.016787184,-0.0013269831,True,True,0,1,False,26,21,5,0.5319014868525649,53.169712716589274,0.5319014868525649,3.169712716589259,0.0,False,False,nan,True
125,0.012314891,-0.012604012,0.18345128,0.041031044,-0.016777357,0.00019518987,True,True,0,1,False,26,21,5,0.5046491992328725,53.674361915822146,0.5046491992328725,3.6743619158221317,0.0,False,False,nan,True
126,0.014086056,-0.011599293,0.17704232,0.04465685,-0.016708804,0.0013686053,True,True,0,1,False,26,21,5,0.4839128452377359,54.158274761059886,0.4839128452377359,4.158274761059868,0.0,False,False,nan,True
127,0.015797233,-0.0105549125,0.17101863,0.046420682,-0.016611384,0.0019460447,True,True,0,1,False,26,21,5,0.4726459933820024,54.63092075444189,0.4726459933820024,4.6309207544418705,0.0,False,False,nan,True
128,0.01745224,-0.009513213,0.16538525,0.046299834,-0.016512975,0.001965542,True,True,0,1,False,26,21,5,0.4683603662972331,55.09928112073912,0.4683603662972331,5.099281120739104,0.0,False,False,nan,True
129,0.019053936,-0.008510533,0.16008541,0.044568583,-0.01643364,0.0015847333,True,True,0,1,False,26,21,5,0.4657979710696374,55.565079091808755,0.4657979710696374,5.565079091808741,0.0,False,False,nan,True
130,0.020604705,-0.007571974,0.15501814,0.04171539,-0.016385319,0.0009649809,True,True,0,1,False,26,21,5,0.46053896811346107,56.025618059922216,0.46053896811346107,6.025618059922202,0.0,False,False,nan,True
131,0.022105504,-0.006709447,0.15006019,0.038336694,-0.01637339,0.00023815602,True,True,0,1,False,26,21,5,0.4515616244620091,56.477179684384225,0.4515616244620091,6.477179684384211,0.0,False,False,nan,True
132,0.023556137,-0.0059213424,0.1450882,0.035026673,-0.016397664,-0.0004852545,True,True,0,1,False,26,21,5,0.4411557865258331,56.91833547091006,0.4411557865258331,6.918335470910044,0.0,False,False,nan,True
133,0.02495556,-0.005195,0.14000009,0.03228204,-0.01645302,-0.0011062764,True,True,0,1,False,26,21,5,0.43256121721958607,57.350896688129644,0.43256121721958607,7.35089668812963,0.0,False,False,nan,True
134,0.02630205,-0.004510143,0.13472655,0.030435264,-0.016530221,-0.0015426982,True,True,0,1,False,26,21,5,0.4279680981028058,57.77886478623245,0.4279680981028058,7.778864786232436,0.0,False,False,nan,True
135,0.027593613,-0.00384356,0.12923886,0.029624315,-0.016617538,-0.001744609,True,True,0,1,False,26,21,5,0.42694603756690697,58.205810823799354,0.42694603756690697,8.205810823799343,0.0,False,False,nan,True
136,0.028828239,-0.0031730796,0.1235473,0.029798184,-0.016702916,-0.0017063066,True,True,0,1,False,26,21,5,0.42729506786801963,58.63310589166737,0.42729506786801963,8.633105891667363,0.0,False,False,nan,True
137,0.030059528,-0.002647903,0.11908965,0.023379963,-0.012716501,0.07972433,True,True,0,1,False,26,21,5,0.8539870171290573,59.48709290879643,0.8539870171290573,9.48709290879642,0.0,False,False,nan,True
138,0.0312356,-0.0021859193,0.11402873,0.020558408,-0.009185065,0.07062721,True,True,0,1,False,26,21,5,0.7891169187262363,60.27620982752266,0.7891169187262363,10.276209827522656,0.0,False,False,nan,True
139,0.03235655,-0.001789596,0.10899155,0.017629955,-0.0061304867,0.06109153,True,True,0,1,False,26,21,5,0.7419517678796161,61.018161595402276,0.7419517678796161,11.018161595402272,0.0,False,False,nan,True
140,0.033421896,-0.0014449859,0.10382315,0.015324847,-0.0034527013,0.0535569,True,True,0,1,False,26,21,5,0.7090810138678112,61.727242609270085,0.7090810138678112,11.727242609270084,0.0,False,False,nan,True
141,0.03443136,-0.0011290574,0.09843798,0.01404597,-0.000982949,0.04939726,True,True,0,1,False,26,21,5,0.6986039952027028,62.42584660447279,0.6986039952027028,12.425846604472786,0.0,False,False,nan,True
142,0.03538866,-0.0011271262,0.09572895,8.660959e-05,-0.0009818971,2.0513753e-05,True,True,0,1,False,26,21,5,0.2750357338838221,62.70088233835661,0.2750357338838221,12.700882338356609,0.0,False,False,nan,True
143,0.03628979,-0.0011292719,0.09011137,-9.409486e-05,-0.0009830527,-2.2332835e-05,True,True,0,1,False,26,21,5,0.471566915314126,63.172449253670734,0.471566915314126,13.172449253670734,0.0,False,False,nan,True
144,0.03713417,-0.0011293435,0.084434755,-1.8744305e-06,-0.0009830849,-4.4468325e-07,True,True,0,1,False,26,21,5,0.4832645929450248,63.65571384661576,0.4832645929450248,13.65571384661576,0.0,False,False,nan,True
145,0.037921906,-0.0011293435,0.07877737,6.184295e-07,-0.0009830781,1.5264376e-07,True,True,0,1,False,26,21,5,0.4870009091234113,64.14271475573918,0.4870009091234113,14.14271475573917,0.0,False,False,nan,True
146,0.038653087,-0.0011293435,0.073120505,3.96836e-08,-0.0009830758,5.2430163e-08,True,True,0,1,False,26,21,5,0.4926006351320087,64.63531539087118,0.4926006351320087,14.63531539087118,0.0,False,False,nan,True
147,0.03932772,-0.0011293435,0.06746377,-3.913575e-08,-0.0009830717,-4.656639e-08,True,True,0,1,False,26,21,5,0.49823947859541917,65.13355486946661,0.49823947859541917,15.133554869466598,0.0,False,False,nan,True
148,0.039945792,-0.0011293435,0.06180693,-3.8397804e-08,-0.0009830686,-4.9043656e-08,True,True,0,1,False,26,21,5,0.5039015979536128,65.63745646742022,0.5039015979536128,15.637456467420211,0.0,False,False,nan,True
149,0.040507317,-0.0011293435,0.05615008,-3.388704e-08,-0.000983063,-2.9999423e-08,True,True,0,1,False,26,21,5,0.5095553659747623,66.14701183339498,0.5095553659747623,16.147011833394973,0.0,False,False,nan,True
150,0.041012287,-0.0011293435,0.05049323,-3.0771286e-08,-0.0009830664,-1.7347418e-08,True,True,0,1,False,26,21,5,0.5152070138656342,66.66221884726062,0.5152070138656342,16.662218847260608,0.0,False,False,nan,True
151,0.04146061,-0.0011293435,0.044836372,-2.7017867e-08,-0.0009830596,-7.3390076e-09,True,True,0,1,False,26,21,5,0.5208708796668979,67.18308972692752,0.5208708796668979,17.183089726927506,0.0,False,False,nan,True
152,0.041852377,-0.0011293435,0.039179515,-2.508796e-08,-0.0009830543,-3.5381889e-09,True,True,0,1,False,26,21,5,0.5265236143274148,67.70961334125494,0.5265236143274148,17.709613341254922,0.0,False,False,nan,True
153,0.042187594,-0.0011293435,0.033522658,-2.2356641e-08,-0.0009830475,6.3173493e-09,True,True,0,1,False,26,21,5,0.5321767534459774,68.24179009470092,0.5321767534459774,18.2417900947009,0.0,False,False,nan,True
154,0.04246626,-0.0011293435,0.027865803,-1.8333374e-08,-0.0009830409,7.371964e-09,True,True,0,1,False,26,21,5,0.5378298437251754,68.7796199384261,0.5378298437251754,18.779619938426073,0.0,False,False,nan,True
155,0.04268837,-0.0011293435,0.022208948,-1.3672386e-08,-0.0009830322,3.3361196e-08,True,True,0,1,False,26,21,5,0.5434832373754297,69.32310317580152,0.5434832373754297,19.323103175801503,0.0,False,False,nan,True
156,0.04285393,-0.0011293435,0.01655209,-7.13473e-09,-0.0009830234,6.2421385e-08,True,True,0,1,False,26,21,5,0.5491364850855103,69.87223966088703,0.5491364850855103,19.87223966088701,0.0,False,False,nan,True
157,0.042962838,-0.0011293435,0.010895235,2.07664e-09,-0.0009830118,1.03857246e-07,True,True,0,1,False,26,21,5,0.5547995291271022,70.42703919001414,0.5547995291271022,20.427039190014114,0.0,False,False,nan,True
158,0.043015193,-0.0011293435,0.0052383784,1.157913e-08,-0.000983,1.1005939e-07,True,True,0,1,False,26,21,5,0.5604529766330586,70.9874921666472,0.5604529766330586,20.987492166647172,0.0,False,False,nan,True
159,0.04301386,-0.0011293435,-0.00013603053,-1.2129009e-07,-0.0009809751,3.9290484e-05,True,True,0,1,False,26,21,5,0.5105707443414662,71.49806291098866,0.5105707443414662,21.498062910988637,0.0,False,False,nan,True
160,0.042996407,-0.001129415,-0.0017910104,-1.6006078e-06,-0.0009543557,0.00051793456,True,True,0,1,False,26,21,5,-0.1610916792089192,71.33697123177974,-0.1610916792089192,21.336971231779717,0.0,False,False,nan,True
161,0.042985342,-0.001129415,-0.0011179628,-1.0191735e-06,-0.00093774847,0.00032327362,True,True,0,1,False,26,21,5,0.07007139243449956,71.40704262421424,0.07007139243449956,21.407042624214217,0.0,False,False,nan,True
162,0.04298401,-0.001129415,-0.0001443626,-1.3480279e-07,-0.00093560247,4.1737556e-05,True,True,0,1,False,26,21,5,0.09770812691525421,71.50475075112949,0.09770812691525421,21.50475075112947,0.0,False,False,nan,True
163,0.042986583,-0.001129415,0.00026901174,2.4749048e-07,-0.00093961234,-7.779946e-05,True,True,0,1,False,26,21,5,-0.013123308384784593,71.49162744274471,-0.013123308384784593,21.491627442744687,0.0,False,False,nan,True
164,0.042988777,-0.001129415,0.00022138147,2.0509236e-07,-0.0009428996,-6.400911e-05,True,True,0,1,False,26,21,5,0.004215030481645954,71.49584247322636,0.004215030481645954,21.495842473226332,0.0,False,False,nan,True
165,0.04298935,-0.001129415,5.6371628e-05,5.164577e-08,-0.0009437438,-1.6290267e-05,True,True,0,1,False,26,21,5,0.01635937262619258,71.51220184585256,0.01635937262619258,21.512201845852523,0.0,False,False,nan,True
166,0.042988967,-0.001129415,-3.5240824e-05,-3.04171e-08,-0.0009432238,1.019779e-05,True,True,0,1,False,26,21,5,0.0022032180007851565,71.51440506385335,0.0022032180007851565,21.51440506385331,0.0,False,False,nan,True
167,0.042988587,-0.001129415,-4.115329e-05,-3.688619e-08,-0.00094260555,1.1899457e-05,True,True,0,1,False,26,21,5,-0.0004912908134908633,71.51391377303986,-0.0004912908134908633,21.513913773039818,0.0,False,False,nan,True
168,0.042988397,-0.001129415,-1.5270856e-05,-1.3415278e-08,-0.0009423717,4.4140947e-06,True,True,0,1,False,26,21,5,0.0026306935030238066,71.51654446654288,0.0026306935030238066,21.51654446654284,0.0,False,False,nan,True
169,0.042988397,-0.001129415,3.4461773e-06,3.6299994e-09,-0.00094241736,-1.0066913e-06,True,True,0,1,False,26,21,5,0.001177904739680713,71.51772237128256,0.001177904739680713,21.51772237128252,0.0,False,False,nan,True
170,0.04298849,-0.001129415,7.1910426e-06,6.8530683e-09,-0.00094252184,-2.1000988e-06,True,True,0,1,False,26,21,5,-0.0003944684175039015,71.51732790286505,-0.0003944684175039015,21.517327902865016,0.0,False,False,nan,True
171,0.04298849,-0.001129415,3.5523378e-06,3.8966004e-09,-0.00094257836,-1.0662964e-06,True,True,0,1,False,26,21,5,0.0003582186437292023,71.51768612150877,0.0003582186437292023,21.517686121508746,0.0,False,False,nan,True
172,0.04298849,-0.001129415,-4.7279507e-08,-6.3882083e-10,-0.00094257185,9.1491536e-08,True,True,0,1,True,27,21,6,0.0003511575447241455,71.5180372790535,-1.9996488424552759,19.51803727905347,2.0,False,False,nan,True
173,0.04298849,-0.001129415,-1.1928205e-06,-7.803195e-10,-0.00094256,3.2018426e-07,True,True,0,1,False,27,21,6,-0.00011336625601998662,71.51792391279749,-0.00011336625601998662,19.51792391279745,0.0,False,False,nan,True
174,0.04298849,-0.001129415,-7.656017e-07,-9.733387e-10,-0.0009425399,1.8596145e-07,True,True,0,1,False,27,21,6,4.473000447902109e-05,71.51796864280196,4.473000447902109e-05,19.51796864280193,0.0,False,False,nan,True
175,0.04298849,-0.001129415,-1.15372245e-07,-6.6392164e-10,-0.00094253407,7.97937e-08,True,True,0,1,False,27,21,6,6.560489554630067e-05,71.5180342476975,6.560489554630067e-05,19.518034247697475,0.0,False,False,nan,True
176,0.04298849,-0.001129415,1.6916593e-07,-3.790802e-11,-0.0009425438,-8.277809e-08,True,True,0,1,False,27,21,6,-6.351246319979964e-06,71.51802789645117,-6.351246319979964e-06,19.518027896451155,0.0,False,False,nan,True
177,0.04298849,-0.001129415,1.4789768e-07,5.4023336e-10,-0.0009425396,-8.694548e-08,True,True,0,1,False,27,21,6,2.5458218537721677e-06,71.51803044227303,2.5458218537721677e-06,19.51803044227301,0.0,False,False,nan,True
178,0.04298849,-0.001129415,5.787323e-08,1.6708042e-10,-0.00094254845,-7.956716e-08,True,True,0,1,False,27,21,6,8.117763826476221e-06,71.51803856003686,8.117763826476221e-06,19.518038560036835,0.0,False,False,nan,True
179,0.04298849,-0.001129415,-1.6051155e-08,8.0134127e-10,-0.0009425376,3.024605e-08,True,True,0,1,False,27,21,6,5.262894902102744e-06,71.51804382293176,5.262894902102744e-06,19.518043822931737,0.0,False,False,nan,True
180,0.04298849,-0.001129415,-4.8834533e-08,-3.6481512e-10,-0.00094253855,9.318573e-08,True,True,0,1,False,27,21,6,-3.369607336267677e-06,71.51804045332442,-3.369607336267677e-06,19.518040453324403,0.0,False,False,nan,True
181,0.04298849,-0.001129415,-4.7121517e-08,5.2620835e-10,-0.00094252365,9.742989e-08,True,True,0,1,False,27,21,6,1.6612602049548286e-06,71.51804211458462,1.6612602049548286e-06,19.51804211458461,0.0,False,False,nan,True
182,0.04298849,-0.001129415,-4.068405e-08,-5.7126467e-11,-0.00094251684,9.8742326e-08,True,True,0,1,False,27,21,6,1.3250660249042312e-06,71.51804343965064,1.3250660249042312e-06,19.518043439650633,0.0,False,False,nan,True
183,0.04298849,-0.001129415,0.0,0.0,-0.00094251824,0.0,True,True,0,1,False,27,21,6,100,171.51804343965063,100,119.51804343965063,0.0,True,False,nan,True
