step,x,y,vx,vy,angle,angular_velocity,left_leg_contact,right_leg_contact,navigation_action,current_fps,fresh_observation,n_fresh_observations,n_fresh_observations_before_touchdown,n_fresh_observations_after_touchdown,instant_nav_reward,cumulative_nav_reward,instant_adaptive_reward,cumulative_adaptive_reward,instant_frame_penalty,terminated,truncated,vy_at_touchdown,success
1,-0.011595631,1.4091041,-0.5812341,-0.053079683,0.011622112,0.09714795,False,False,3,10,True,2,2,0,0.37793988562032266,0.37793988562032266,0.37793988562032266,0.37793988562032266,0.0,False,False,nan,False
2,-0.017293263,1.4073157,-0.5729874,-0.07951294,0.014818395,0.06393159,False,False,3,10,False,2,2,0,0.3408301641693481,0.7187700497896707,0.3408301641693481,0.7187700497896707,0.0,False,False,nan,False
3,-0.022894764,1.4049406,-0.5609282,-0.10557258,0.01559131,0.015459426,False,False,3,10,False,2,2,0,0.8923178111153913,1.611087860905062,0.8923178111153913,1.611087860905062,0.0,False,False,nan,False
4,-0.028408146,1.401958,-0.5498778,-0.13253948,0.014150694,-0.028815022,False,False,3,10,False,2,2,0,0.9173075744847676,2.5283954353898297,0.9173075744847676,2.5283954353898297,0.0,False,False,nan,False
5,-0.03385248,1.3983794,-0.5412318,-0.15902297,0.0109774005,-0.06347187,False,False,3,10,False,2,2,0,0.784549331740011,3.3129447671298404,0.784549331740011,3.3129447671298404,0.0,False,False,nan,False
6,-0.039226532,1.3942087,-0.5324062,-0.18534619,0.0060358327,-0.098840415,False,False,3,10,True,3,3,0,0.9034383842495981,4.216383151379438,0.9034383842495981,4.216383151379438,0.0,False,False,nan,False
7,-0.044512175,1.3894392,-0.52131206,-0.21196564,-0.0011260785,-0.14325173,False,False,3,10,False,3,3,0,1.0206960274942685,5.2370791788737066,1.0206960274942685,5.2370791788737066,0.0,False,False,nan,False
8,-0.049722195,1.384072,-0.5118539,-0.23857893,-0.010177918,-0.18105367,False,False,3,10,False,3,3,0,-0.6132347558426818,4.6238444230310245,-0.6132347558426818,4.6238444230310245,0.0,False,False,nan,False
9,-0.054847337,1.3781056,-0.50120276,-0.26528296,-0.021357993,-0.2236222,False,False,3,10,False,3,3,0,-0.8066628591056417,3.8171815639253825,-0.8066628591056417,3.8171815639253825,0.0,False,False,nan,False
10,-0.059898853,1.3715401,-0.49199408,-0.29204085,-0.0343751,-0.26036614,False,False,3,10,False,3,3,0,-1.2029870759363337,2.6141944879890486,-1.2029870759363337,2.6141944879890486,0.0,False,False,nan,False
11,-0.06485911,1.3643748,-0.48056102,-0.3188882,-0.049674846,-0.30602303,False,False,3,10,True,4,4,0,-1.326582587481936,1.2876119005071127,-1.326582587481936,1.2876119005071127,0.0,False,False,nan,False
12,-0.06981878,1.3566126,-0.48051625,-0.34557444,-0.06497142,-0.30595964,False,False,0,10,False,4,4,0,-2.2925717541079678,-1.004959853600855,-2.2925717541079678,-1.004959853600855,0.0,False,False,nan,False
13,-0.0747778,1.3482534,-0.4804725,-0.37226126,-0.080265895,-0.30591738,False,False,0,10,False,4,4,0,-2.3145059691458414,-3.3194658227466967,-2.3145059691458414,-3.3194658227466967,0.0,False,False,nan,False
14,-0.07973633,1.3392972,-0.48042974,-0.39894825,-0.0955578,-0.30586636,False,False,0,10,False,4,4,0,-2.3303473490788633,-5.64981317182556,-2.3303473490788633,-5.64981317182556,0.0,False,False,nan,False
15,-0.084694006,1.3297442,-0.4803873,-0.42563635,-0.110847145,-0.30581492,False,False,0,10,False,4,4,0,-2.3405764174961234,-7.990389589321683,-2.3405764174961234,-7.990389589321683,0.0,False,False,nan,False
16,-0.08965101,1.3195941,-0.48034555,-0.45232514,-0.12613395,-0.30576387,False,False,0,10,True,5,5,0,-2.345531641059523,-10.335921230381206,-2.345531641059523,-10.335921230381206,0.0,False,False,nan,False
17,-0.09460745,1.3088472,-0.48030442,-0.47901455,-0.14141819,-0.30571303,False,False,0,10,False,5,5,0,-2.345644153718581,-12.681565384099788,-2.345644153718581,-12.681565384099788,0.0,False,False,nan,False
18,-0.09956293,1.2975031,-0.480264,-0.50570464,-0.15669993,-0.30566224,False,False,0,10,False,5,5,0,-2.3412766115688726,-15.02284199566866,-2.3412766115688726,-15.02284199566866,0.0,False,False,nan,False
19,-0.10451765,1.2855619,-0.4802242,-0.5323954,-0.17197916,-0.3056117,False,False,0,10,False,5,5,0,-2.332809820441298,-17.355651816109958,-2.332809820441298,-17.355651816109958,0.0,False,False,nan,False
20,-0.109471604,1.2730236,-0.48018512,-0.55908644,-0.18725586,-0.3055614,False,False,0,10,False,5,5,0,-2.3205852479644307,-19.67623706407439,-2.3205852479644307,-19.67623706407439,0.0,False,False,nan,False
21,-0.114424706,1.2598882,-0.48014683,-0.58577806,-0.20253004,-0.30551115,False,False,0,10,True,6,6,0,-2.304983826118871,-21.98122089019326,-2.304983826118871,-21.98122089019326,0.0,False,False,nan,False
22,-0.11902199,1.2475448,-0.44535518,-0.5506233,-0.217052,-0.29046527,False,False,2,10,False,6,6,0,4.357085726063542,-17.62413516412972,4.357085726063542,-17.62413516412972,0.0,False,False,nan,False
23,-0.12345085,1.2357049,-0.42857438,-0.52838755,-0.23154624,-0.28991112,False,False,2,10,False,6,6,0,2.1700053743025594,-15.45412978982716,2.1700053743025594,-15.45412978982716,0.0,False,False,nan,False
24,-0.12753391,1.2245762,-0.394681,-0.4968082,-0.24541153,-0.27733096,False,False,2,10,False,6,6,0,3.9635582261837046,-11.490571563643456,3.9635582261837046,-11.490571563643456,0.0,False,False,nan,False
25,-0.1314888,1.2139962,-0.3816103,-0.47260144,-0.25956333,-0.2830351,False,False,2,10,False,6,6,0,2.0016261300005,-9.488945433642957,2.0016261300005,-9.488945433642957,0.0,False,False,nan,False
26,-0.13533802,1.2043469,-0.37035882,-0.4315022,-0.27445424,-0.2978186,False,False,2,10,True,7,7,0,3.006666472922814,-6.482278960720143,3.006666472922814,-6.482278960720143,0.0,False,False,nan,False
27,-0.1392436,1.1941245,-0.3775445,-0.45683628,-0.28782284,-0.26737234,False,False,1,10,False,7,7,0,-2.796381341958407,-9.278660302678551,-2.796381341958407,-9.278660302678551,0.0,False,False,nan,False
28,-0.14321919,1.1833403,-0.3864626,-0.4815203,-0.29926565,-0.22885618,False,False,1,10,False,7,7,0,-2.6274804696595297,-11.90614077233808,-2.6274804696595297,-11.90614077233808,0.0,False,False,nan,False
29,-0.14728633,1.1719913,-0.3979907,-0.5062212,-0.30828327,-0.18035215,False,False,1,10,False,7,7,0,-2.5063953586286787,-14.412536130966759,-2.5063953586286787,-14.412536130966759,0.0,False,False,nan,False
30,-0.15143976,1.1600771,-0.4088717,-0.53090155,-0.31499675,-0.13426934,False,False,1,10,False,7,7,0,-2.1884232180696856,-16.600959349036444,-2.1884232180696856,-16.600959349036444,0.0,False,False,nan,False
31,-0.15568161,1.147599,-0.4199876,-0.5555099,-0.31935275,-0.08712017,False,False,1,10,True,8,8,0,-1.9153296791957917,-18.516289028232237,-1.9153296791957917,-18.516289028232237,0.0,False,False,nan,False
32,-0.15976973,1.1350288,-0.4048069,-0.5595576,-0.3235266,-0.08347674,False,False,2,10,False,8,8,0,1.049130273290683,-17.467158754941554,1.049130273290683,-17.467158754941554,0.0,False,False,nan,False
33,-0.16364041,1.122441,-0.38342518,-0.5602802,-0.32731742,-0.07581646,False,False,2,10,False,8,8,0,1.6835963918624202,-15.783562363079135,1.6835963918624202,-15.783562363079135,0.0,False,False,nan,False
34,-0.1674469,1.11015,-0.37643054,-0.54722947,-0.3317169,-0.08799037,False,False,2,10,False,8,8,0,1.891883389498514,-13.891678973580621,1.891883389498514,-13.891678973580621,0.0,False,False,nan,False
35,-0.17082787,1.098661,-0.33431703,-0.51149225,-0.33566442,-0.07895052,False,False,2,10,False,8,8,0,5.703774969649783,-8.18790400393084,5.703774969649783,-8.18790400393084,0.0,False,False,nan,False
36,-0.17393093,1.087348,-0.30694148,-0.5035932,-0.33918694,-0.07045023,False,False,2,10,True,9,9,0,2.5465241158503718,-5.6413798880804675,2.5465241158503718,-5.6413798880804675,0.0,False,False,nan,False
37,-0.17685023,1.0767797,-0.28801423,-0.47062466,-0.34328854,-0.082032055,False,False,2,10,False,9,9,0,4.086470698388337,-1.5549091896921308,4.086470698388337,-1.5549091896921308,0.0,False,False,nan,False
38,-0.17957345,1.066333,-0.26851788,-0.46521536,-0.3472856,-0.079941384,False,False,2,10,False,9,9,0,1.7474694741788255,0.1925602844866947,1.7474694741788255,0.1925602844866947,0.0,False,False,nan,False
39,-0.18201026,1.0566213,-0.23972635,-0.4325957,-0.35143855,-0.08305984,False,False,2,10,False,9,9,0,4.458064719152486,4.650625003639181,4.458064719152486,4.650625003639181,0.0,False,False,nan,False
40,-0.18410988,1.0477285,-0.20597568,-0.3962115,-0.35563478,-0.083924375,False,False,2,10,False,9,9,0,4.923046250967372,9.573671254606552,4.923046250967372,9.573671254606552,0.0,False,False,nan,False
41,-0.18596096,1.0395665,-0.18079218,-0.36382815,-0.36018288,-0.09096227,False,False,2,5,True,10,10,0,4.044652080599417,13.618323335205968,4.044652080599417,13.618323335205968,0.0,False,False,nan,False
42,-0.18788739,1.0308447,-0.19031179,-0.3882256,-0.36264473,-0.04923681,False,False,1,5,False,10,10,0,-2.0612304835119617,11.557092851694007,-2.0612304835119617,11.557092851694007,0.0,False,False,nan,False
43,-0.18987569,1.0215607,-0.19815864,-0.41278696,-0.36335507,-0.014206531,False,False,1,5,False,10,10,0,-1.7763079952794942,9.780784856414513,-1.7763079952794942,9.780784856414513,0.0,False,False,nan,False
44,-0.19195414,1.0117354,-0.20961487,-0.43623677,-0.36148873,0.03732636,False,False,1,5,False,10,10,0,-1.5258792602850224,8.254905596129491,-1.5258792602850224,8.254905596129491,0.0,False,False,nan,False
45,-0.19411087,1.0013587,-0.21954767,-0.4602144,-0.35740232,0.08172783,False,False,1,5,False,10,10,0,-1.234493185219377,7.020412410910114,-1.234493185219377,7.020412410910114,0.0,False,False,nan,False
46,-0.19635344,0.9904215,-0.23034878,-0.48460045,-0.35098827,0.12828031,False,False,1,5,False,10,10,0,-1.024538238125898,5.995874172784216,-1.024538238125898,5.995874172784216,0.0,False,False,nan,False
47,-0.19865122,0.97892517,-0.23743072,-0.5091013,-0.3429608,0.16054997,False,False,1,5,False,10,10,0,-0.663624919121587,5.332249253662629,-0.663624919121587,5.332249253662629,0.0,False,False,nan,False
48,-0.20102473,0.9668614,-0.24696669,-0.5339184,-0.33289993,0.20121737,False,False,1,5,False,10,10,0,-0.5424441415559602,4.789805112106668,-0.5424441415559602,4.789805112106668,0.0,False,False,nan,False
49,-0.2034821,0.95424587,-0.25763372,-0.55799234,-0.32049975,0.24800286,False,False,1,5,False,10,10,0,-0.23894280781649854,4.5508623042901695,-0.23894280781649854,4.5508623042901695,0.0,False,False,nan,False
50,-0.20600781,0.94105786,-0.26627073,-0.58316606,-0.30628034,0.28438792,False,False,1,5,False,10,10,0,-0.02048783683167585,4.530374467458493,-0.02048783683167585,4.530374467458493,0.0,False,False,nan,False
51,-0.20860557,0.92730504,-0.27543777,-0.6080242,-0.29010442,0.32351846,False,False,1,5,True,11,11,0,0.23163270801450267,4.762007175472996,0.23163270801450267,4.762007175472996,0.0,False,False,nan,False
52,-0.21113968,0.91292155,-0.2674635,-0.63653463,-0.275658,0.28892824,False,False,3,5,False,11,11,0,0.4664341586376406,5.228441334110636,0.4664341586376406,5.228441334110636,0.0,False,False,nan,False
53,-0.21358505,0.89789474,-0.25628644,-0.6656874,-0.2636212,0.24073608,False,False,3,5,False,11,11,0,0.2934319160073937,5.52187325011803,0.2934319160073937,5.52187325011803,0.0,False,False,nan,False
54,-0.21596813,0.8822336,-0.24842171,-0.6942637,-0.2532932,0.2065604,False,False,3,5,False,11,11,0,0.06403356742609503,5.585906817544124,0.06403356742609503,5.585906817544124,0.0,False,False,nan,False
55,-0.21828422,0.8659453,-0.2399964,-0.72250074,-0.24474728,0.17091815,False,False,3,5,False,11,11,0,-0.04522617581449026,5.540680641729634,-0.04522617581449026,5.540680641729634,0.0,False,False,nan,False
56,-0.22054386,0.8490295,-0.23287833,-0.7506817,-0.23772314,0.14048313,False,False,3,5,False,11,11,0,-0.21040924235967282,5.330271399369961,-0.21040924235967282,5.330271399369961,0.0,False,False,nan,False
57,-0.22274423,0.8314807,-0.22535777,-0.7791008,-0.23231886,0.10808569,False,False,3,5,False,11,11,0,-0.35535072804816425,4.974920671321796,-0.35535072804816425,4.974920671321796,0.0,False,False,nan,False
58,-0.22486563,0.813301,-0.21541104,-0.8074721,-0.22900136,0.06634998,False,False,3,5,False,11,11,0,-0.4670189950998054,4.507901676221991,-0.4670189950998054,4.507901676221991,0.0,False,False,nan,False
59,-0.22690968,0.7944965,-0.20569547,-0.8355571,-0.22770037,0.026019832,False,False,3,5,False,11,11,0,-0.624109316360715,3.8837923598612756,-0.624109316360715,3.8837923598612756,0.0,False,False,nan,False
60,-0.228858,0.7750636,-0.19365856,-0.86386293,-0.22888747,-0.02374167,False,False,3,5,False,11,11,0,-0.8168798759816684,3.066912483879607,-0.8168798759816684,3.066912483879607,0.0,False,False,nan,False
61,-0.23073196,0.7550074,-0.18431008,-0.89186966,-0.23201275,-0.06250548,False,False,3,5,True,12,12,0,-1.0167355391521926,2.050176944727414,-1.0167355391521926,2.050176944727414,0.0,False,False,nan,False
62,-0.23267598,0.7350715,-0.19051087,-0.8866537,-0.23596501,-0.07904498,False,False,2,5,False,12,12,0,1.533184913593726,3.5833618583211404,1.533184913593726,3.5833618583211404,0.0,False,False,nan,False
63,-0.23456573,0.71536833,-0.18473257,-0.8763809,-0.24027379,-0.086175516,False,False,2,5,False,12,12,0,2.2116238036240476,5.794985661945188,2.2116238036240476,5.794985661945188,0.0,False,False,nan,False
64,-0.23618445,0.6964206,-0.15785417,-0.8427873,-0.24436042,-0.08173264,False,False,2,5,False,12,12,0,4.857219902633756,10.652205564578944,4.857219902633756,10.652205564578944,0.0,False,False,nan,False
65,-0.23749074,0.67769367,-0.12739035,-0.83285135,-0.24765778,-0.065947175,False,False,2,5,False,12,12,0,2.5886590506762674,13.240864615255212,2.5886590506762674,13.240864615255212,0.0,False,False,nan,False
66,-0.23874393,0.6597945,-0.12125446,-0.7962031,-0.25179717,-0.08278806,False,False,2,5,False,12,12,0,4.645661962861124,17.886526578116335,4.645661962861124,17.886526578116335,0.0,False,False,nan,False
67,-0.23978862,0.64233917,-0.10053674,-0.77647406,-0.255805,-0.080156274,False,False,2,5,False,12,12,0,3.144312487046972,21.030839065163306,3.144312487046972,21.030839065163306,0.0,False,False,nan,False
68,-0.24072775,0.62506944,-0.08984836,-0.7682602,-0.25995395,-0.082979314,False,False,2,5,False,12,12,0,1.8125414527203076,22.843380517883613,1.8125414527203076,22.843380517883613,0.0,False,False,nan,False
69,-0.24132161,0.60863775,-0.055719145,-0.7309541,-0.26370025,-0.07492603,False,False,2,5,False,12,12,0,4.876381631452387,27.719762149336,4.876381631452387,27.719762149336,0.0,False,False,nan,False
70,-0.24182558,0.59221035,-0.04665395,-0.73078316,-0.26753145,-0.07662404,False,False,2,5,False,12,12,0,0.9024438113681412,28.62220596070414,0.9024438113681412,28.62220596070414,0.0,False,False,nan,False
71,-0.2421414,0.57608026,-0.027943552,-0.7175627,-0.2712551,-0.07447293,False,False,2,5,True,13,13,0,2.222163294337645,30.844369255041784,2.222163294337645,30.844369255041784,0.0,False,False,nan,False
72,-0.24218464,0.5604983,-0.0009540679,-0.6931611,-0.2747137,-0.06917171,False,False,2,5,False,13,13,0,3.280387869069398,34.124757124111184,3.280387869069398,34.124757124111184,0.0,False,False,nan,False
73,-0.24202356,0.54517287,0.019295128,-0.6817295,-0.27797934,-0.06531283,False,False,2,5,False,13,13,0,1.8996290614558518,36.02438618556704,1.8996290614558518,36.02438618556704,0.0,False,False,nan,False
74,-0.24180412,0.53044623,0.025858035,-0.6552675,-0.28200078,-0.08042865,False,False,2,5,False,13,13,0,3.2723917944938252,39.29677798006087,3.2723917944938252,39.29677798006087,0.0,False,False,nan,False
75,-0.24145445,0.5166318,0.039576232,-0.61487544,-0.28674218,-0.094827965,False,False,2,5,False,13,13,0,4.457769533857015,43.754547513917885,4.457769533857015,43.754547513917885,0.0,False,False,nan,False
76,-0.24070477,0.50359863,0.07902254,-0.58005345,-0.29091433,-0.08344288,False,False,2,5,False,13,13,0,3.5667880630016784,47.321335576919566,3.5667880630016784,47.321335576919566,0.0,False,False,nan,False
77,-0.2396501,0.4908168,0.10893424,-0.5687819,-0.29448858,-0.07148519,False,False,2,5,False,13,13,0,1.1685599086218985,48.48989548554147,1.1685599086218985,48.48989548554147,0.0,False,False,nan,False
78,-0.23826905,0.4784157,0.14101905,-0.55175054,-0.2974968,-0.060164075,False,False,2,5,False,13,13,0,1.535788251340773,50.02568373688224,1.535788251340773,50.02568373688224,0.0,False,False,nan,False
79,-0.23671703,0.46594942,0.15784974,-0.5545994,-0.30023268,-0.05471787,False,False,2,5,False,13,13,0,-0.10405765028774566,49.9216260865945,-0.10405765028774566,49.9216260865945,0.0,False,False,nan,False
80,-0.23488545,0.45340627,0.18507537,-0.55787146,-0.30221048,-0.039555557,False,False,2,5,False,13,13,0,-0.4125828302575371,49.509043256336966,-0.4125828302575371,49.509043256336966,0.0,False,False,nan,False
81,-0.2328619,0.44075918,0.20388499,-0.56241184,-0.30379656,-0.031721618,False,False,2,25,True,14,14,0,-0.2899431518701647,49.219100104466804,-0.2899431518701647,49.219100104466804,0.0,False,False,nan,False
82,-0.2305356,0.4286243,0.23386641,-0.53958744,-0.30507275,-0.025524035,False,False,2,25,False,14,14,0,1.766555911356346,50.98565601582315,1.766555911356346,50.98565601582315,0.0,False,False,nan,False
83,-0.22790031,0.41676143,0.26422495,-0.52738583,-0.30579415,-0.014428079,False,False,2,25,True,15,15,0,0.6178183466997325,51.60347436252289,0.6178183466997325,51.60347436252289,0.0,False,False,nan,False
84,-0.22533718,0.40433657,0.25509605,-0.5519577,-0.30453378,0.025207374,False,False,1,25,False,15,15,0,-0.5105337924967148,51.09294057002617,-0.5105337924967148,51.09294057002617,0.0,False,False,nan,False
85,-0.22285962,0.3913416,0.24436149,-0.576848,-0.30102155,0.070244394,False,False,1,25,True,16,16,0,-0.2665489231435447,50.82639164688263,-0.2665489231435447,50.82639164688263,0.0,False,False,nan,False
86,-0.22028437,0.37882707,0.25466254,-0.5556091,-0.29806656,0.059099555,False,False,2,25,False,16,16,0,2.7366431813614556,53.563034828244085,2.7366431813614556,53.563034828244085,0.0,False,False,nan,False
87,-0.21763869,0.36640692,0.26201275,-0.55148864,-0.29542923,0.052746765,False,False,2,25,True,17,17,0,1.2311187724752812,54.79415360071937,1.2311187724752812,54.79415360071937,0.0,False,False,nan,False
88,-0.21465544,0.35482207,0.2955685,-0.5143246,-0.29258782,0.056828506,False,False,2,25,False,17,17,0,2.86736287569708,57.66151647641645,2.86736287569708,57.66151647641645,0.0,False,False,nan,False
89,-0.21141687,0.34372982,0.32094985,-0.4924071,-0.28958783,0.060000032,False,False,2,25,True,18,18,0,1.6589736788784364,59.32049015529489,1.6589736788784364,59.32049015529489,0.0,False,False,nan,False
90,-0.20826459,0.3320771,0.31004858,-0.51687956,-0.2842588,0.10658032,False,False,1,25,False,18,18,0,0.16218627210075567,59.482676427395646,0.16218627210075567,59.482676427395646,0.0,False,False,nan,False
91,-0.20519748,0.3198693,0.2992557,-0.541134,-0.2765993,0.15319058,False,False,1,25,True,19,19,0,0.36817938021244,59.850855807608085,0.36817938021244,59.850855807608085,0.0,False,False,nan,False
92,-0.20202784,0.30790094,0.30973017,-0.5305808,-0.26919124,0.148161,False,False,2,25,False,19,19,0,2.017390409554676,61.86824621716276,2.017390409554676,61.86824621716276,0.0,False,False,nan,False
93,-0.198639,0.2965587,0.33166778,-0.5027903,-0.26181203,0.14758404,False,False,2,25,True,20,20,0,2.7743809182467603,64.64262713540953,2.7743809182467603,64.64262713540953,0.0,False,False,nan,False
94,-0.19531879,0.28463453,0.3230787,-0.52839077,-0.25266725,0.18289594,False,False,1,25,False,20,20,0,0.3572314296468744,64.9998585650564,0.3572314296468744,64.9998585650564,0.0,False,False,nan,False
95,-0.19207764,0.27214882,0.3130332,-0.55305463,-0.24138519,0.22564098,False,False,1,25,True,21,21,0,0.6918384873340824,65.69169705239048,0.6918384873340824,65.69169705239048,0.0,False,False,nan,False
96,-0.1886281,0.260291,0.33380297,-0.5252255,-0.23007366,0.22623074,False,False,2,25,False,21,21,0,3.313927049042559,69.00562410143304,3.313927049042559,69.00562410143304,0.0,False,False,nan,False
97,-0.1848112,0.2492152,0.36984733,-0.49045706,-0.2180799,0.23987536,False,False,2,25,True,22,22,0,2.8230400591325635,71.82866416056561,2.8230400591325635,71.82866416056561,0.0,False,False,nan,False
98,-0.18106231,0.23757178,0.36120176,-0.51551765,-0.20426424,0.27631322,False,False,1,25,False,22,22,0,0.9887329546980379,72.81739711526365,0.9887329546980379,72.81739711526365,0.0,False,False,nan,False
99,-0.17737189,0.22536106,0.35376692,-0.54066014,-0.18887354,0.30781394,False,False,1,25,True,23,23,0,1.0353899917415827,73.85278710700523,1.0353899917415827,73.85278710700523,0.0,False,False,nan,False
100,-0.17353992,0.21346523,0.3677599,-0.526808,-0.17337048,0.31006104,False,False,2,25,False,23,23,0,2.782647332903477,76.6354344399087,2.782647332903477,76.6354344399087,0.0,False,False,nan,False
101,-0.1697959,0.20172007,0.35972023,-0.52035606,-0.15866834,0.29404265,False,False,2,25,True,24,24,0,3.302469228547932,79.93790366845664,3.302469228547932,79.93790366845664,0.0,False,False,nan,False
102,-0.1658843,0.19023672,0.37610304,-0.5088332,-0.14362113,0.30094355,False,False,2,25,False,24,24,0,2.3158425920337296,82.25374626049037,2.3158425920337296,82.25374626049037,0.0,False,False,nan,False
103,-0.16191569,0.17898145,0.3818807,-0.49885505,-0.128679,0.29884255,False,False,2,25,True,25,25,0,2.749411787507154,85.00315804799753,2.749411787507154,85.00315804799753,0.0,False,False,nan,False
104,-0.15788336,0.16853614,0.38846892,-0.46303084,-0.11400471,0.2934859,False,False,2,25,False,25,25,0,4.592828147415671,89.5959861954132,4.592828147415671,89.5959861954132,0.0,False,False,nan,False
105,-0.15379162,0.15807875,0.39433113,-0.4637066,-0.099263586,0.2948225,False,False,2,25,True,26,26,0,1.7831924249738023,91.37917862038701,1.7831924249738023,91.37917862038701,0.0,False,False,nan,False
106,-0.14967728,0.1478335,0.39670599,-0.45443124,-0.08466779,0.29191595,False,False,2,25,False,26,26,0,2.724312560102587,94.1034911804896,2.724312560102587,94.1034911804896,0.0,False,False,nan,False
107,-0.14538364,0.13787471,0.41402835,-0.44181684,-0.06947694,0.30381697,False,False,2,25,True,27,27,0,1.9937135066704854,96.09720468716009,1.9937135066704854,96.09720468716009,0.0,False,False,nan,False
108,-0.14097509,0.12868454,0.42526317,-0.40780276,-0.054049898,0.30854043,False,False,2,25,False,27,27,0,3.82121204099806,99.91841672815815,3.82121204099806,99.91841672815815,0.0,False,False,nan,False
109,-0.1366745,0.12000233,0.41513616,-0.38540605,-0.039307527,0.2948475,False,False,2,25,True,28,28,0,4.3474983854133,104.26591511357145,4.3474983854133,104.26591511357145,0.0,False,False,nan,False
110,-0.13217458,0.11139294,0.43421856,-0.38229862,-0.023725642,0.3116376,False,False,2,25,False,28,28,0,0.9536420148740745,105.21955712844553,0.9536420148740745,105.21955712844553,0.0,False,False,nan,False
111,-0.12771845,0.10283175,0.43008852,-0.38032684,-0.008394234,0.30662814,False,False,2,25,True,29,29,0,2.561619645193784,107.78117677363932,2.561619645193784,107.78117677363932,0.0,False,False,nan,False
112,-0.123244,0.09453643,0.43185478,-0.3686668,0.006998664,0.3078578,False,False,2,25,False,29,29,0,1.335460455135302,109.11663722877462,1.335460455135302,109.11663722877462,0.0,False,False,nan,False
113,-0.118638135,0.08633767,0.4443627,-0.3645439,0.023013527,0.32029718,False,False,2,25,True,30,30,0,-1.7363333922602806,107.38030383651434,-1.7363333922602806,107.38030383651434,0.0,False,False,nan,False
114,-0.11399765,0.07832981,0.4476099,-0.35623676,0.039243724,0.32460397,False,False,2,25,False,30,30,0,-0.8121362525259486,106.5681675839884,-0.8121362525259486,106.5681675839884,0.0,False,False,nan,False
115,-0.10934649,0.07077986,0.44851714,-0.33606908,0.055650726,0.32813987,False,False,2,25,True,31,31,0,0.026320405887187814,106.59448798987559,0.026320405887187814,106.59448798987559,0.0,False,False,nan,False
116,-0.104635045,0.06338325,0.45414814,-0.32945678,0.07246452,0.33627602,False,False,2,25,False,31,31,0,-1.250215758754112,105.34427223112148,-1.250215758754112,105.34427223112148,0.0,False,False,nan,False
117,-0.10005341,0.05655278,0.44153017,-0.3044647,0.08893882,0.32948583,False,False,2,25,True,32,32,0,1.2666660288256508,106.61093825994713,1.2666660288256508,106.61093825994713,0.0,False,False,nan,False
118,-0.09539251,0.049148235,0.45151892,-0.33002222,0.10338277,0.28887925,False,False,3,25,False,32,32,0,-3.0066266922649008,103.60431156768223,-3.0066266922649008,103.60431156768223,0.0,False,False,nan,False
119,-0.09065275,0.04115411,0.46144858,-0.35620633,0.11582966,0.24893741,False,False,3,25,True,33,33,0,-2.866246903369016,100.73806466431321,-2.866246903369016,100.73806466431321,0.0,False,False,nan,False
120,-0.08608551,0.033285294,0.44474196,-0.35069546,0.12774134,0.23823337,False,False,2,25,False,33,33,0,0.8910893977193666,101.62915406203258,0.8910893977193666,101.62915406203258,0.0,False,False,nan,False
121,-0.08175764,0.025790557,0.4215463,-0.3341052,0.13893692,0.2239116,False,False,2,25,True,34,34,0,2.085683178370016,103.7148372404026,2.085683178370016,103.7148372404026,0.0,False,False,nan,False
122,-0.07739248,0.018470416,0.4247965,-0.3264752,0.15063386,0.23393886,False,False,2,25,False,34,34,0,-0.6401527736986623,103.07468446670394,-0.6401527736986623,103.07468446670394,0.0,False,False,nan,False
123,-0.073027894,0.011639939,0.42425376,-0.30486232,0.16283134,0.24394958,False,True,2,25,True,35,35,0,10.374900156371819,113.44958462307576,10.374900156371819,113.44958462307576,0.0,False,False,0.30486232,True
124,-0.06888847,0.0059080576,0.41838747,-0.25486436,0.15615384,-0.13653697,False,True,2,25,False,35,35,0,4.1013120333428335,117.5508966564186,4.1013120333428335,117.5508966564186,0.0,False,False,nan,True
125,-0.0650384,0.0014160371,0.41099277,-0.19713326,0.13019721,-0.5191691,False,True,2,25,True,36,35,1,6.1120966531995125,123.66299330961812,6.1120966531995125,123.66299330961812,0.0,False,False,nan,True
126,-0.0613225,-0.0025116825,0.41397405,-0.1714357,0.08801849,-0.84369105,False,True,2,25,False,36,35,1,5.06160165349984,128.72459496311797,5.06160165349984,128.72459496311797,0.0,False,False,nan,True
127,-0.05771389,-0.0053311135,0.40996462,-0.123174675,0.03931001,-0.9743329,False,True,2,25,True,37,35,2,6.912166601194056,135.63676156431202,6.912166601194056,135.63676156431202,0.0,False,False,nan,True
128,-0.05417385,-0.00875726,0.40028325,-0.15171365,-0.006447183,-0.9152239,True,True,1,25,False,37,35,2,13.564446937705428,149.20120850201747,13.564446937705428,149.20120850201747,0.0,False,False,nan,True
129,-0.050676443,-0.012034454,0.37839204,-0.14687657,-0.03157371,-0.49849018,True,True,1,1,True,38,35,3,-0.04635835907857341,149.1548501429389,-0.04635835907857341,149.1548501429389,0.0,False,False,nan,True
130,-0.047002506,-0.01402401,0.3788436,-0.08870732,-0.042841267,-0.22530103,True,True,2,1,False,38,35,3,0.5575706952763795,149.71242083821528,0.5575706952763795,149.71242083821528,0.0,False,False,nan,True
131,-0.043402098,-0.015102687,0.36428297,-0.048067924,-0.0470116,-0.083369374,True,True,2,1,False,38,35,3,1.7575000954270947,151.46992093364238,1.7575000954270947,151.46992093364238,0.0,False,False,nan,True
132,-0.039969824,-0.015252998,0.3442706,-0.006714836,-0.048009604,-0.01992814,True,True,2,1,False,38,35,3,2.2279916016302765,153.69791253527265,2.2279916016302765,153.69791253527265,0.0,False,False,nan,True
133,-0.036583234,-0.014379277,0.337381,0.038870957,-0.046730526,0.025607964,True,True,2,1,False,38,35,3,0.647588377426193,154.34550091269884,0.647588377426193,154.34550091269884,0.0,False,False,nan,True
134,-0.03332243,-0.012240662,0.3244776,0.095105596,-0.045139704,0.031823307,True,True,2,1,False,38,35,3,0.388346384276862,154.7338472969757,0.388346384276862,154.7338472969757,0.0,False,False,nan,True
135,-0.030064201,-0.009265985,0.3241997,0.13227388,-0.04353852,0.032016344,True,True,2,1,False,38,35,3,-0.9376046650827121,153.796242631893,-0.9376046650827121,153.796242631893,0.0,False,False,nan,True
136,-0.026786327,-0.0055474783,0.32647428,0.165307,-0.042228866,0.026196858,True,True,2,1,False,38,35,3,-1.337962086491163,152.45828054540183,-1.337962086491163,152.45828054540183,0.0,False,False,nan,True
137,-0.023384761,-0.0017421389,0.33835822,0.16917783,-0.04045505,0.03547931,False,False,2,1,False,38,35,3,-20.967674527346166,131.49060601805567,-20.967674527346166,131.49060601805567,0.0,False,False,nan,True
138,-0.020097828,0.0024812317,0.3275879,0.1877339,-0.039358776,0.021927426,False,False,2,1,False,38,35,3,0.20225094278248862,131.69285696083816,0.20225094278248862,131.69285696083816,0.0,False,False,nan,True
139,-0.016817475,0.006684003,0.3266611,0.18682505,-0.03799916,0.027190635,False,False,2,1,False,38,35,3,0.1768848643928081,131.86974182523096,0.1768848643928081,131.86974182523096,0.0,False,False,nan,True
140,-0.013426972,0.011834846,0.33734864,0.22896764,-0.03632545,0.03347306,False,False,2,1,False,38,35,3,-3.2528474106023166,128.61689441462863,-3.2528474106023166,128.61689441462863,0.0,False,False,nan,True
141,-0.00990324,0.017471204,0.35019067,0.25055873,-0.034165703,0.043194287,False,False,2,1,False,38,35,3,-2.59076056274706,126.02613385188157,-2.59076056274706,126.02613385188157,0.0,False,False,nan,False
142,-0.006310272,0.023807798,0.35693496,0.2816764,-0.031833816,0.046636805,False,False,2,1,False,38,35,3,-2.9310224892553505,123.09511136262621,-2.9310224892553505,123.09511136262621,0.0,False,False,nan,False
143,-0.0028549195,0.030847773,0.3439735,0.31292015,-0.03028389,0.030996969,False,False,2,1,False,38,35,3,-1.8121171609670086,121.2829942016592,-1.8121171609670086,121.2829942016592,0.0,False,False,nan,False
144,0.0005332947,0.03837441,0.33767906,0.33454087,-0.029157983,0.022516241,False,False,2,1,False,38,35,3,-1.9596379311427896,119.32335627051641,-1.9596379311427896,119.32335627051641,0.0,False,False,nan,False
145,0.003891182,0.046257313,0.3348868,0.35036895,-0.02826646,0.01782829,False,False,2,1,False,38,35,3,-1.9487233106594062,117.37463295985701,-1.9487233106594062,117.37463295985701,0.0,False,False,nan,False
146,0.0071248054,0.054691754,0.32315135,0.37486684,-0.028060816,0.0041104094,False,False,2,1,False,38,35,3,-2.178111373803314,115.19652158605369,-2.178111373803314,115.19652158605369,0.0,False,False,nan,False
147,0.010445118,0.06321746,0.33149165,0.37892893,-0.027516022,0.010893576,False,False,2,1,False,38,35,3,-1.9911519334672818,113.20536965258641,-1.9911519334672818,113.20536965258641,0.0,False,False,nan,False
148,0.013879013,0.072365865,0.34241164,0.40661567,-0.02655374,0.019243483,False,False,2,1,False,38,35,3,-3.977055344902534,109.22831430768387,-3.977055344902534,109.22831430768387,0.0,False,False,nan,False
149,0.01735897,0.08200773,0.34690428,0.42854497,-0.025472125,0.021630626,False,False,2,1,False,38,35,3,-3.1829916911491933,106.04532261653468,-3.1829916911491933,106.04532261653468,0.0,False,False,nan,False
150,0.020773888,0.09238816,0.34080476,0.46136364,-0.024800984,0.013420669,False,False,2,1,False,38,35,3,-3.5431972827899783,102.5021253337447,-3.5431972827899783,102.5021253337447,0.0,False,False,nan,False
151,0.024240304,0.10306736,0.345792,0.47464547,-0.023961805,0.016781453,False,False,2,1,False,38,35,3,-2.700464566238497,99.8016607675062,-2.700464566238497,99.8016607675062,0.0,False,False,nan,False
152,0.027645016,0.11419052,0.3399958,0.49437007,-0.023485402,0.009525755,False,False,2,1,False,38,35,3,-2.688424350765618,97.11323641674059,-2.688424350765618,97.11323641674059,0.0,False,False,nan,False
153,0.03109932,0.125819,0.34517714,0.5168239,-0.023231788,0.0050721345,False,False,2,1,False,38,35,3,-3.6357080448149786,93.47752837192562,-3.6357080448149786,93.47752837192562,0.0,False,False,nan,False
154,0.03441391,0.1378441,0.33192903,0.53444093,-0.023695253,-0.009269396,False,False,2,1,False,38,35,3,-2.356900223823547,91.12062814810207,-2.356900223823547,91.12062814810207,0.0,False,False,nan,False
155,0.037786387,0.14979945,0.33748534,0.5313454,-0.023929736,-0.0046893875,False,False,2,1,False,38,35,3,-1.5985129490854775,89.5221151990166,-1.5985129490854775,89.5221151990166,0.0,False,False,nan,False
156,0.04114618,0.16271561,0.33639255,0.57404613,-0.024337577,-0.008157018,False,False,2,1,False,38,35,3,-5.263868902427862,84.25824629658874,-5.263868902427862,84.25824629658874,0.0,False,False,nan,False
157,0.044527054,0.17615512,0.33848792,0.59730434,-0.024731886,-0.00788619,False,False,2,1,False,38,35,3,-3.8450651829394387,80.4131811136493,-3.8450651829394387,80.4131811136493,0.0,False,False,nan,False
158,0.048022844,0.19019344,0.3495273,0.62392616,-0.02468635,0.00091066567,False,False,2,1,False,38,35,3,-4.603413739452878,75.80976737419643,-4.603413739452878,75.80976737419643,0.0,False,False,nan,False
159,0.0515666,0.20423006,0.35415563,0.62385243,-0.024463974,0.0044476916,False,False,2,1,False,38,35,3,-1.9463946767362075,73.86337269746022,-1.9463946767362075,73.86337269746022,0.0,False,False,nan,False
160,0.055276774,0.21885867,0.37010518,0.65017676,-0.023562068,0.018037891,False,False,2,1,False,38,35,3,-4.795714979014295,69.06765771844593,-4.795714979014295,69.06765771844593,0.0,False,False,nan,False
161,0.059116364,0.23374523,0.3824953,0.66164494,-0.02212438,0.028754046,False,False,2,1,False,38,35,3,-3.304884892804739,65.76277282564119,-3.304884892804739,65.76277282564119,0.0,False,False,nan,False
162,0.062803365,0.2488515,0.36800903,0.6713979,-0.021447683,0.013533863,False,False,2,1,False,38,35,3,-1.9264179754790576,63.83635485016214,-1.9264179754790576,63.83635485016214,0.0,False,False,nan,False
163,0.06659536,0.264493,0.37810197,0.69519454,-0.020359864,0.021756198,False,False,2,1,False,38,35,3,-4.372907977359463,59.46344687280268,-4.372907977359463,59.46344687280268,0.0,False,False,nan,False
164,0.0702631,0.28098994,0.36634344,0.7332004,-0.019937793,0.008441621,False,False,2,1,False,38,35,3,-4.773590140886756,54.689856731915924,-4.773590140886756,54.689856731915924,0.0,False,False,nan,False
165,0.07394247,0.297882,0.36752158,0.7507639,-0.019522425,0.008307318,False,False,2,1,False,38,35,3,-3.613082580300232,51.076774151615695,-3.613082580300232,51.076774151615695,0.0,False,False,nan,False
166,0.077691935,0.31527236,0.37425533,0.77291334,-0.018849503,0.013458905,False,False,2,1,False,38,35,3,-4.297129623613745,46.77964452800195,-4.297129623613745,46.77964452800195,0.0,False,False,nan,False
167,0.08131342,0.33331856,0.36213893,0.80205315,-0.01884042,0.0001816499,False,False,2,1,False,38,35,3,-4.26434525454184,42.515299273460116,-4.26434525454184,42.515299273460116,0.0,False,False,nan,False
168,0.08500023,0.35159034,0.36841816,0.81208074,-0.0185768,0.0052721566,False,False,2,1,False,38,35,3,-3.308676545555275,39.20662272790484,-3.308676545555275,39.20662272790484,0.0,False,False,nan,False
169,0.08857107,0.3708222,0.3574601,0.85474265,-0.018937983,-0.007223667,False,False,2,1,False,38,35,3,-5.762986526294514,33.44363620161033,-5.762986526294514,33.44363620161033,0.0,False,False,nan,False
170,0.09221897,0.39057556,0.364861,0.87792605,-0.019008547,-0.0014113445,False,False,2,1,False,38,35,3,-4.737849268361958,28.705786933248373,-4.737849268361958,28.705786933248373,0.0,False,False,nan,False
171,0.09601555,0.41080227,0.37909517,0.8989727,-0.018454334,0.011084197,False,False,2,1,False,38,35,3,-4.79156120099903,23.914225732249342,-4.79156120099903,23.914225732249342,0.0,False,False,nan,False
172,0.099965855,0.43132925,0.39380342,0.91232693,-0.017240128,0.024283852,False,False,2,1,False,38,35,3,-4.072906907263291,19.84131882498605,-4.072906907263291,19.84131882498605,0.0,False,False,nan,False
173,0.10377035,0.45231965,0.3799606,0.93291354,-0.01675638,0.009674991,False,False,2,1,False,38,35,3,-3.7455929168570945,16.095725908128955,-3.7455929168570945,16.095725908128955,0.0,False,False,nan,False
174,0.10746517,0.47427008,0.36958414,0.9755705,-0.01686005,-0.0020731897,False,False,2,1,False,38,35,3,-6.123483406624177,9.972242501504777,-6.123483406624177,9.972242501504777,0.0,False,False,nan,False
175,0.111104585,0.49681637,0.3643661,1.0020539,-0.01728165,-0.008431941,False,False,2,1,False,38,35,3,-4.922935116685681,5.0493073848190955,-4.922935116685681,5.0493073848190955,0.0,False,False,nan,False
176,0.11461572,0.5201234,0.35221332,1.0358543,-0.018368384,-0.021734742,False,False,2,1,False,38,35,3,-5.54546470975082,-0.4961573249317244,-5.54546470975082,-0.4961573249317244,0.0,False,False,nan,False
177,0.11823368,0.5434685,0.36243066,1.0375507,-0.018997235,-0.012577014,False,False,2,1,False,38,35,3,-3.2140717606689746,-3.710229085600699,-3.2140717606689746,-3.710229085600699,0.0,False,False,nan,False
178,0.12187843,0.5667649,0.36502084,1.0353879,-0.019534146,-0.010738257,False,False,2,1,False,38,35,3,-2.5894185532048537,-6.299647638805553,-2.5894185532048537,-6.299647638805553,0.0,False,False,nan,False
179,0.12561616,0.59067744,0.37395695,1.0627786,-0.019714063,-0.0035986342,False,False,2,1,True,39,35,4,-5.614906272783361,-11.914553911588914,-5.614906272783361,-11.914553911588914,0.0,False,False,nan,False
180,0.12935391,0.61399,0.37395698,1.0361118,-0.019893998,-0.0035986032,False,False,0,1,False,39,35,4,0.13581665305159163,-11.778737258537323,0.13581665305159163,-11.778737258537323,0.0,False,False,nan,False
181,0.13309164,0.6367025,0.37395698,1.0094452,-0.020073917,-0.0035985918,False,False,0,1,False,39,35,4,0.1868931148499655,-11.591844143687357,0.1868931148499655,-11.591844143687357,0.0,False,False,nan,False
182,0.13682938,0.6588151,0.37395698,0.98277855,-0.02025384,-0.0035985839,False,False,0,1,False,39,35,4,0.2375094241929787,-11.354334719494378,0.2375094241929787,-11.354334719494378,0.0,False,False,nan,False
183,0.14056711,0.68032765,0.37395698,0.9561119,-0.020433756,-0.0035986104,False,False,0,1,False,39,35,4,0.2876040488127387,-11.06673067068164,0.2876040488127387,-11.06673067068164,0.0,False,False,nan,False
184,0.14430475,0.7012402,0.37395698,0.92944527,-0.020613682,-0.0035986167,False,False,0,1,False,39,35,4,0.33711974794175603,-10.729610922739884,0.33711974794175603,-10.729610922739884,0.0,False,False,nan,False
185,0.14804249,0.72155285,0.37395698,0.9027786,-0.020793604,-0.003598623,False,False,0,1,False,39,35,4,0.385938530642278,-10.343672392097606,0.385938530642278,-10.343672392097606,0.0,False,False,nan,False
186,0.15178022,0.7412653,0.37395695,0.876112,-0.020973532,-0.0035986688,False,False,0,1,False,39,35,4,0.4340555083151685,-9.909616883782437,0.4340555083151685,-9.909616883782437,0.0,False,False,nan,False
187,0.15551797,0.7603778,0.37395695,0.84944534,-0.021153454,-0.0035986758,False,False,0,1,False,39,35,4,0.4813117696941447,-9.428305114088293,0.4813117696941447,-9.428305114088293,0.0,False,False,nan,False
188,0.1592557,0.7788905,0.37395695,0.8227787,-0.021333382,-0.0035986821,False,False,0,1,False,39,35,4,0.5276272452727255,-8.900677868815567,0.5276272452727255,-8.900677868815567,0.0,False,False,nan,False
189,0.16299343,0.79680306,0.37395695,0.79611206,-0.021513313,-0.0035987291,False,False,0,1,False,39,35,4,0.5729397712807724,-8.327738097534795,0.5729397712807724,-8.327738097534795,0.0,False,False,nan,False
190,0.16673116,0.8141157,0.37395695,0.7694454,-0.021693254,-0.0035987354,False,False,0,1,False,39,35,4,0.6170902312170199,-7.710647866317775,0.6170902312170199,-7.710647866317775,0.0,False,False,nan,False
191,0.1704689,0.8308282,0.37395695,0.7427788,-0.021873167,-0.00359875,False,False,0,1,False,39,35,4,0.6599809728495245,-7.05066689346825,0.6599809728495245,-7.05066689346825,0.0,False,False,nan,False
192,0.17420664,0.84694093,0.37395695,0.71611214,-0.0220531,-0.0035987615,False,False,0,1,False,39,35,4,0.7014156418443349,-6.349251251623915,0.7014156418443349,-6.349251251623915,0.0,False,False,nan,False
193,0.17794427,0.8624534,0.37395695,0.6894455,-0.022233035,-0.0035987697,False,False,0,1,False,39,35,4,0.7413089966786401,-5.607942254945275,0.7413089966786401,-5.607942254945275,0.0,False,False,nan,False
194,0.18168202,0.8773659,0.37395695,0.66277885,-0.02241297,-0.0035987697,False,False,0,1,False,39,35,4,0.779398679668077,-4.828543575277198,0.779398679668077,-4.828543575277198,0.0,False,False,nan,False
195,0.18541975,0.8916786,0.37395695,0.6361122,-0.022592904,-0.0035987836,False,False,0,1,False,39,35,4,0.8154956693617521,-4.013047905915446,0.8154956693617521,-4.013047905915446,0.0,False,False,nan,False
196,0.18915749,0.90539104,0.37395695,0.6094456,-0.022772841,-0.0035987806,False,False,0,1,False,39,35,4,0.8494171137338924,-3.1636307921815536,0.8494171137338924,-3.1636307921815536,0.0,False,False,nan,False
197,0.19289522,0.9185037,0.37395695,0.58277893,-0.02295277,-0.0035988148,False,False,0,1,False,39,35,4,0.8808132351733775,-2.282817557008176,0.8808132351733775,-2.282817557008176,0.0,False,False,nan,False
198,0.19663295,0.9310162,0.37395695,0.5561123,-0.023132706,-0.0035988218,False,False,0,1,False,39,35,4,0.9094487975731909,-1.3733687594349853,0.9094487975731909,-1.3733687594349853,0.0,False,False,nan,False
199,0.2003707,0.94292897,0.37395695,0.5294456,-0.023312636,-0.003598829,False,False,0,1,False,39,35,4,0.9349300334473583,-0.438438725987627,0.9349300334473583,-0.438438725987627,0.0,False,False,nan,False
200,0.20410843,0.95424145,0.37395695,0.50277895,-0.023492577,-0.0035988577,False,False,0,1,False,39,35,4,0.9569313040111638,0.5184925780235368,0.9569313040111638,0.5184925780235368,0.0,False,False,nan,False
201,0.20784616,0.96495396,0.37395695,0.47611228,-0.023672502,-0.0035988863,False,False,0,1,False,39,35,4,0.9749524458663927,1.4934450238899295,0.9749524458663927,1.4934450238899295,0.0,False,False,nan,False
202,0.21158381,0.97506666,0.37395695,0.4494456,-0.023852449,-0.0035988938,False,False,0,1,False,39,35,4,0.9885119260433157,2.4819569499332452,0.9885119260433157,2.4819569499332452,0.0,False,False,nan,False
203,0.21532154,0.98457915,0.37395695,0.42277893,-0.024032392,-0.003598913,False,False,0,1,False,39,35,4,0.9971158994477776,3.479072849381023,0.9971158994477776,3.479072849381023,0.0,False,False,nan,False
204,0.21905927,0.9934918,0.37395695,0.39611223,-0.02421235,-0.0035989322,False,False,0,1,False,39,35,4,1.0000740098583663,4.479146859239389,1.0000740098583663,4.479146859239389,0.0,False,False,nan,False
205,0.222797,1.0018044,0.37395695,0.36944553,-0.0243923,-0.0035989615,False,False,0,1,False,39,35,4,0.9967795396775898,5.475926398916979,0.9967795396775898,5.475926398916979,0.0,False,False,nan,False
206,0.22653475,1.009517,0.37395695,0.34277886,-0.024572248,-0.0035989657,False,False,0,1,False,39,35,4,0.9864655008265402,6.462391899743519,0.9864655008265402,6.462391899743519,0.0,False,False,nan,False
207,0.23027249,1.0166295,0.37395695,0.3161122,-0.024752202,-0.0035989727,False,False,0,1,False,39,35,4,0.9683792153259674,7.430771115069486,0.9683792153259674,7.430771115069486,0.0,False,False,nan,False
208,0.23401022,1.0231421,0.37395695,0.28944552,-0.02493215,-0.003598987,False,False,0,1,False,39,35,4,0.9416707640445168,8.372441879114003,0.9416707640445168,8.372441879114003,0.0,False,False,nan,False
209,0.23774795,1.0290548,0.37395695,0.26277885,-0.025112096,-0.0035990216,False,False,0,1,False,39,35,4,0.9055798936284702,9.278021772742473,0.9055798936284702,9.278021772742473,0.0,False,False,nan,False
210,0.24148569,1.0343673,0.37395695,0.23611218,-0.025292056,-0.0035990074,False,False,0,1,False,39,35,4,0.8592848038405805,10.137306576583054,0.8592848038405805,10.137306576583054,0.0,False,False,nan,False
211,0.24522333,1.0390799,0.37395695,0.2094455,-0.025472008,-0.0035990514,False,False,0,1,False,39,35,4,0.8021317750358321,10.939438351618886,0.8021317750358321,10.939438351618886,0.0,False,False,nan,False
212,0.24896106,1.0431926,0.37395695,0.18277884,-0.02565197,-0.0035990663,False,False,0,1,False,39,35,4,0.7335447562970501,11.672983107915936,0.7335447562970501,11.672983107915936,0.0,False,False,nan,False
213,0.2526988,1.0467051,0.37395695,0.15611216,-0.025831921,-0.003599063,False,False,0,1,False,39,35,4,0.6533302050385998,12.326313312954536,0.6533302050385998,12.326313312954536,0.0,False,False,nan,False
214,0.25643653,1.0496178,0.37395695,0.1294455,-0.02601187,-0.003599065,False,False,0,1,False,39,35,4,0.5614692943805153,12.887782607335051,0.5614692943805153,12.887782607335051,0.0,False,False,nan,False
215,0.26017427,1.0519303,0.37395695,0.10277883,-0.02619182,-0.0035990935,False,False,0,1,False,39,35,4,0.45853991910107084,13.346322526436122,0.45853991910107084,13.346322526436122,0.0,False,False,nan,False
216,0.26391202,1.053643,0.37395695,0.07611215,-0.026371766,-0.0035991266,False,False,0,1,False,39,35,4,0.3455170052009464,13.691839531637068,0.3455170052009464,13.691839531637068,0.0,False,False,nan,False
217,0.26764974,1.0547554,0.37395695,0.049445476,-0.026551722,-0.0035991254,False,False,0,1,False,39,35,4,0.223983413725648,13.915822945362716,0.223983413725648,13.915822945362716,0.0,False,False,nan,False
218,0.2713875,1.0552682,0.37395695,0.022778811,-0.026731672,-0.0035991378,False,False,0,1,False,39,35,4,0.09597763708012508,14.011800582442842,0.09597763708012508,14.011800582442842,0.0,False,False,nan,False
219,0.2751252,1.0551805,0.37395695,-0.0038878568,-0.02691162,-0.003599152,False,False,0,1,False,39,35,4,-0.03592861674434289,13.975871965698499,-0.03592861674434289,13.975871965698499,0.0,False,False,nan,False
220,0.27886286,1.0544932,0.37395695,-0.030554526,-0.027091578,-0.0035991755,False,False,0,1,False,39,35,4,-0.16903923936371257,13.806832726334786,-0.16903923936371257,13.806832726334786,0.0,False,False,nan,False
221,0.28260058,1.0532057,0.37395695,-0.05722119,-0.027271532,-0.003599184,False,False,0,1,False,39,35,4,-0.3004375768493617,13.506395149485424,-0.3004375768493617,13.506395149485424,0.0,False,False,nan,False
222,0.28633833,1.0513185,0.37395695,-0.08388786,-0.027451472,-0.003599213,False,False,0,1,False,39,35,4,-0.4274569912676611,13.078938158217763,-0.4274569912676611,13.078938158217763,0.0,False,False,nan,False
223,0.29007608,1.048831,0.37395695,-0.11055453,-0.02763144,-0.003599221,False,False,0,1,False,39,35,4,-0.5476455689886564,12.531292589229107,-0.5476455689886564,12.531292589229107,0.0,False,False,nan,False
224,0.2938138,1.0457437,0.37395695,-0.13722119,-0.027811404,-0.0035992737,False,False,0,1,False,39,35,4,-0.659153095132865,11.872139494096242,-0.659153095132865,11.872139494096242,0.0,False,False,nan,False
225,0.29755154,1.0420562,0.37395695,-0.16388784,-0.027991366,-0.0035992905,False,False,0,1,False,39,35,4,-0.7605198271989764,11.111619666897266,-0.7605198271989764,11.111619666897266,0.0,False,False,nan,False
226,0.30128926,1.0377688,0.37395695,-0.19055453,-0.028171321,-0.0035992903,False,False,0,1,False,39,35,4,-0.8509347341981481,10.260684932699117,-0.8509347341981481,10.260684932699117,0.0,False,False,nan,False
227,0.305027,1.0328814,0.37395695,-0.2172212,-0.028351273,-0.0035993054,False,False,0,1,False,39,35,4,-0.930008057799597,9.33067687489952,-0.930008057799597,9.33067687489952,0.0,False,False,nan,False
228,0.30876476,1.027394,0.37395695,-0.24388787,-0.028531238,-0.0035993226,False,False,0,1,False,39,35,4,-0.9978345581364465,8.332842316763074,-0.9978345581364465,8.332842316763074,0.0,False,False,nan,False
229,0.31250238,1.0213065,0.37395695,-0.27055454,-0.028711198,-0.0035993545,False,False,0,1,True,40,35,5,-1.0547095468744487,7.278132769888625,-1.0547095468744487,7.278132769888625,0.0,False,False,nan,False
230,0.31617936,1.0146284,0.366323,-0.29678014,-0.027358202,0.027060043,False,False,1,1,False,40,35,5,-0.35409601426601856,6.924036755622606,-0.35409601426601856,6.924036755622606,0.0,False,False,nan,False
231,0.31979427,1.0073633,0.35853544,-0.32284704,-0.024440004,0.058363944,False,False,1,1,False,40,35,5,-0.2550362532998054,6.669000502322801,-0.2550362532998054,6.669000502322801,0.0,False,False,nan,False
232,0.32333985,0.99950165,0.3498318,-0.3493352,-0.019777663,0.09324686,False,False,1,1,False,40,35,5,-0.11483476396807532,6.554165738354725,-0.11483476396807532,6.554165738354725,0.0,False,False,nan,False
233,0.3267905,0.99104804,0.33792752,-0.3756381,-0.01272908,0.14097163,False,False,1,1,False,40,35,5,0.28277318720736955,6.8369389255620945,0.28277318720736955,6.8369389255620945,0.0,False,False,nan,False
234,0.33018142,0.98199594,0.33043188,-0.4022701,-0.004179389,0.17099367,False,False,1,1,False,40,35,5,0.04553312886273034,6.882472054424825,0.04553312886273034,6.882472054424825,0.0,False,False,nan,False
235,0.33348972,0.9723544,0.3200591,-0.4285203,0.006448172,0.21255133,False,False,1,1,False,40,35,5,-0.877308334605259,6.005163719819565,-0.877308334605259,6.005163719819565,0.0,False,False,nan,False
236,0.3367099,0.96212,0.30900714,-0.45497304,0.019288346,0.25680363,False,False,1,1,False,40,35,5,-1.965825683671169,4.039338036148396,-1.965825683671169,4.039338036148396,0.0,False,False,nan,False
237,0.33983833,0.95129615,0.2975206,-0.48132485,0.03442593,0.3027513,False,False,1,1,False,40,35,5,-2.2143878785157924,1.8249501576326037,-2.2143878785157924,1.8249501576326037,0.0,False,False,nan,False
238,0.3429014,0.9398824,0.2893214,-0.50774944,0.05120099,0.33550128,False,False,1,1,False,40,35,5,-2.5918412502367674,-0.7668910926041637,-2.5918412502367674,-0.7668910926041637,0.0,False,False,nan,False
239,0.34589785,0.9278691,0.28100282,-0.53466046,0.069644,0.36886033,False,False,1,1,False,40,35,5,-2.8121551564473735,-3.579046249051537,-2.8121551564473735,-3.579046249051537,0.0,False,False,nan,False
240,0.34882432,0.9152454,0.27222583,-0.56212795,0.08986088,0.40433788,False,False,1,1,False,40,35,5,-3.0305378255837057,-6.609584074635243,-3.0305378255837057,-6.609584074635243,0.0,False,False,nan,False
241,0.351669,0.9020182,0.26203376,-0.5893789,0.1121295,0.44537252,False,False,1,1,False,40,35,5,-3.167738178154677,-9.77732225278992,-3.167738178154677,-9.77732225278992,0.0,False,False,nan,False
242,0.3544256,0.8881785,0.2510218,-0.6171275,0.1366341,0.4900918,False,False,1,1,False,40,35,5,-3.4165435878988704,-13.19386584068879,-3.4165435878988704,-13.19386584068879,0.0,False,False,nan,False
243,0.35709706,0.87372124,0.24040386,-0.6452142,0.1633167,0.53365195,False,False,1,1,False,40,35,5,-3.689652960288156,-16.883518800976947,-3.689652960288156,-16.883518800976947,0.0,False,False,nan,False
244,0.3597065,0.85866696,0.23279786,-0.672415,0.19153258,0.56431806,False,False,1,1,False,40,35,5,-3.8630771882046404,-20.74659598918159,-3.8630771882046404,-20.74659598918159,0.0,False,False,nan,False
245,0.36222124,0.8429864,0.22106436,-0.701137,0.22220045,0.6133581,False,False,1,1,False,40,35,5,-4.110309783265335,-24.856905772446925,-4.110309783265335,-24.856905772446925,0.0,False,False,nan,False
246,0.36464587,0.8266976,0.21001771,-0.7291637,0.25513554,0.65870243,False,False,1,1,False,40,35,5,-4.291282008766074,-29.148187781213,-4.291282008766074,-29.148187781213,0.0,False,False,nan,False
247,0.36698323,0.80978864,0.19939823,-0.75786585,0.29031795,0.7036484,False,False,1,1,False,40,35,5,-4.585199792724182,-33.73338757393718,-4.585199792724182,-33.73338757393718,0.0,False,False,nan,False
248,0.3692255,0.79225075,0.18785459,-0.7871576,0.32799357,0.75351304,False,False,1,1,False,40,35,5,-4.85809224924975,-38.59147982318693,-4.85809224924975,-38.59147982318693,0.0,False,False,nan,False
249,0.3713953,0.7740927,0.17927432,-0.816078,0.36756307,0.79139054,False,False,1,1,False,40,35,5,-5.065616055869525,-43.657095879056456,-5.065616055869525,-43.657095879056456,0.0,False,False,nan,False
250,0.3734726,0.7553124,0.16836645,-0.8453545,0.40951666,0.8390725,False,False,1,1,False,40,35,5,-5.269979869547227,-48.927075748603684,-5.269979869547227,-48.927075748603684,0.0,False,False,nan,False
251,0.3754714,0.7359056,0.15929902,-0.8749045,0.4535594,0.8808562,False,False,1,1,False,40,35,5,-5.5228322377492125,-54.4499079863529,-5.5228322377492125,-54.4499079863529,0.0,False,False,nan,False
252,0.3774047,0.7158877,0.15216893,-0.9037675,0.49923694,0.9135518,False,False,1,1,False,40,35,5,-5.629740948904412,-60.07964893525731,-5.629740948904412,-60.07964893525731,0.0,False,False,nan,False
253,0.37925443,0.69524187,0.14290032,-0.9336862,0.5471184,0.9576292,False,False,1,1,False,40,35,5,-5.893071296365632,-65.97272023162294,-5.893071296365632,-65.97272023162294,0.0,False,False,nan,False
254,0.38104144,0.67398006,0.13648766,-0.9629908,0.59659904,0.98961335,False,False,1,1,False,40,35,5,-6.011706534190238,-71.98442676581318,-6.011706534190238,-71.98442676581318,0.0,False,False,nan,False
255,0.3827424,0.6520733,0.12728377,-0.99399716,0.6485077,1.0381751,False,False,1,1,False,40,35,5,-6.35735954866709,-78.34178631448027,-6.35735954866709,-78.34178631448027,0.0,False,False,nan,False
256,0.38436097,0.6295302,0.11897608,-1.024693,0.702641,1.0826671,False,False,1,1,False,40,35,5,-6.538583655105696,-84.88036996958597,-6.538583655105696,-84.88036996958597,0.0,False,False,nan,False
257,0.3859149,0.60635585,0.11308627,-1.0550876,0.7585616,1.1184127,False,False,1,1,False,40,35,5,-6.692981801262021,-91.57335177084799,-6.692981801262021,-91.57335177084799,0.0,False,False,nan,False
258,0.3873802,0.58251697,0.1045138,-1.0874913,0.8171935,1.1726402,False,False,1,1,False,40,35,5,-7.111947097920107,-98.6852988687681,-7.111947097920107,-98.6852988687681,0.0,False,False,nan,False
259,0.3887662,0.5580218,0.097540274,-1.1194898,0.878221,1.2205515,False,False,1,1,False,40,35,5,-7.3086668781767505,-105.99396574694485,-7.3086668781767505,-105.99396574694485,0.0,False,False,nan,False
260,0.3900729,0.532872,0.091110505,-1.1514591,0.94158006,1.2671844,False,False,1,1,False,40,35,5,-7.527826585618782,-113.52179233256363,-7.527826585618782,-113.52179233256363,0.0,False,False,nan,False
261,0.39129582,0.50706184,0.08465813,-1.183812,1.0074009,1.3164175,False,False,1,1,False,40,35,5,-7.799953816825023,-121.32174614938866,-7.799953816825023,-121.32174614938866,0.0,False,False,nan,False
262,0.39243633,0.48058093,0.07887091,-1.2167178,1.0757945,1.3678764,False,False,1,1,False,40,35,5,-8.109719405427283,-129.43146555481593,-8.109719405427283,-129.43146555481593,0.0,False,False,nan,False
263,0.39350358,0.45342273,0.0746221,-1.2498701,1.1467068,1.4182498,False,False,1,1,False,40,35,5,-8.39459770554046,-137.8260632603564,-8.39459770554046,-137.8260632603564,0.0,False,False,nan,False
264,0.39449328,0.4255724,0.07051989,-1.2838147,1.220418,1.4742291,False,False,1,1,False,40,35,5,-8.759150423420548,-146.58521368377694,-8.759150423420548,-146.58521368377694,0.0,False,False,nan,False
265,0.39541322,0.3970638,0.06814491,-1.3155876,1.2960567,1.5127804,False,False,1,1,False,40,35,5,-8.761689615107938,-155.34690329888488,-8.761689615107938,-155.34690329888488,0.0,False,False,nan,False
266,0.3962613,0.36785454,0.06596984,-1.3496068,1.3744375,1.5676214,False,False,1,1,False,40,35,5,-9.286511608302161,-164.63341490718705,-9.286511608302161,-164.63341490718705,0.0,False,False,nan,False
267,0.39703035,0.3379316,0.06379326,-1.3841205,1.4557583,1.6264236,False,False,1,1,False,40,35,5,-9.668183827495026,-174.30159873468207,-9.668183827495026,-174.30159873468207,0.0,False,False,nan,False
268,0.39773598,0.30730486,0.06398644,-1.4176298,1.5395886,1.6766125,False,False,1,1,False,40,35,5,-9.886296249334093,-184.18789498401617,-9.886296249334093,-184.18789498401617,0.0,False,False,nan,False
269,0.39837486,0.27598974,0.06451816,-1.4497333,1.6254139,1.7165129,False,False,1,1,False,40,35,5,-10.023381232465082,-194.21127621648125,-10.023381232465082,-194.21127621648125,0.0,False,False,nan,False
270,0.3989505,0.24394427,0.06601696,-1.4837873,1.713987,1.7714689,False,False,1,1,False,40,35,5,-10.594525389435288,-204.80580160591654,-10.594525389435288,-204.80580160591654,0.0,False,False,nan,False
271,0.3994624,0.21115746,0.068126395,-1.5178246,1.8053205,1.8266792,False,False,1,1,False,40,35,5,-10.994731033246095,-215.80053263916264,-10.994731033246095,-215.80053263916264,0.0,False,False,nan,False
272,0.39992207,0.17762004,0.07200153,-1.5516738,1.899417,1.8819406,False,False,1,1,False,40,35,5,-11.414075960854488,-227.21460860001713,-11.414075960854488,-227.21460860001713,0.0,False,False,nan,False
273,0.40033397,0.14330843,0.07695095,-1.5860455,1.9965315,1.9423012,False,False,1,1,False,40,35,5,-11.96016245879761,-239.17477105881474,-11.96016245879761,-239.17477105881474,0.0,False,False,nan,False
274,0.400702,0.10822378,0.082631335,-1.6193979,2.0963583,1.9965519,False,False,1,1,False,40,35,5,-12.356875181919262,-251.531646240734,-12.356875181919262,-251.531646240734,0.0,False,False,nan,False
275,0.4010334,0.07234691,0.08937269,-1.652824,2.1990128,2.0531087,False,False,1,1,False,40,35,5,-12.913564175504204,-264.4452104162382,-12.913564175504204,-264.4452104162382,0.0,False,False,nan,False
276,0.4013218,0.03569549,0.095088616,-1.6841316,2.303699,2.0937421,False,False,1,1,False,40,35,5,-13.196084143604791,-277.64129455984295,-13.196084143604791,-277.64129455984295,0.0,False,False,nan,False
277,0.40158147,-0.0017232918,0.10185657,-1.7141324,2.4101658,2.1293547,False,False,1,1,False,40,35,5,-13.57879182973741,-291.22008638958033,-13.57879182973741,-291.22008638958033,0.0,False,False,nan,False
278,0.40182227,-0.039924815,0.109145716,-1.743987,2.5184584,2.1658661,False,False,1,1,False,40,35,5,-14.105132506151532,-305.32521889573184,-14.105132506151532,-305.32521889573184,0.0,False,False,nan,False
279,0.40207586,-0.078925066,0.11944236,-1.77387,2.6290634,2.212117,False,False,1,1,True,41,35,6,-14.734067136006471,-320.0592860317383,-14.734067136006471,-320.0592860317383,0.0,False,False,nan,False
280,0.39551324,-0.08558481,-0.6510449,-0.12955226,2.7304587,2.0389242,False,False,3,1,False,41,35,6,-100,-420.0592860317383,-100,-420.0592860317383,0.0,True,False,nan,False
