step,x,y,vx,vy,angle,angular_velocity,left_leg_contact,right_leg_contact,navigation_action,current_fps,fresh_observation,n_fresh_observations,n_fresh_observations_before_touchdown,n_fresh_observations_after_touchdown,instant_nav_reward,cumulative_nav_reward,instant_adaptive_reward,cumulative_adaptive_reward,instant_frame_penalty,terminated,truncated,vy_at_touchdown,success
1,0.0057221414,1.4055932,0.28938082,-0.13121827,-0.0065519065,-0.0648752,False,False,0,50,True,2,2,0,-0.964277297423564,-0.964277297423564,-0.964277297423564,-0.964277297423564,0.0,False,False,nan,False
2,0.008583355,1.402041,0.28939095,-0.15788764,-0.009793435,-0.06483644,False,False,0,50,True,3,3,0,-1.1622684954549243,-2.1265457928784883,-1.1622684954549243,-2.1265457928784883,0.0,False,False,nan,False
3,0.011380291,1.3979018,0.2813469,-0.18397652,-0.011417392,-0.032481868,False,False,1,50,True,4,4,0,-0.4304795356367481,-2.5570253285152367,-0.4304795356367481,-2.5570253285152367,0.0,False,False,nan,False
4,0.014084244,1.3931652,0.2696625,-0.21050596,-0.010697402,0.014401369,False,False,1,50,True,5,5,0,-0.08058651420739579,-2.6376118427226323,-0.08058651420739579,-2.6376118427226323,0.0,False,False,nan,False
5,0.016699981,1.387833,0.25861928,-0.23697022,-0.007763803,0.05867728,False,False,1,50,True,6,6,0,-0.07349586014194529,-2.7111077028645774,-0.07349586014194529,-2.7111077028645774,0.0,False,False,nan,False
6,0.01931572,1.3819008,0.25860998,-0.26363906,-0.0048311236,0.058659047,False,False,0,50,True,7,7,0,-0.9703709372151934,-3.6814786400797708,-0.9703709372151934,-3.6814786400797708,0.0,False,False,nan,False
7,0.021857833,1.3753611,0.2493887,-0.29064932,-5.1934505e-05,0.095592394,False,False,1,50,True,8,8,0,-0.26942912539746433,-3.9509077654772353,-0.26942912539746433,-3.9509077654772353,0.0,False,False,nan,False
8,0.024399947,1.3682215,0.24937388,-0.3173191,0.004725701,0.09556152,False,False,0,50,True,9,9,0,-1.8183021466412583,-5.769209912118494,-1.8183021466412583,-5.769209912118494,0.0,False,False,nan,False
9,0.026941776,1.3604823,0.24935941,-0.3439891,0.00950302,0.095554695,False,False,0,50,True,10,10,0,-1.8367975301382842,-7.606007442256778,-1.8367975301382842,-7.606007442256778,0.0,False,False,nan,False
10,0.029483605,1.3521433,0.24934554,-0.37065908,0.014279574,0.09554008,False,False,0,50,True,11,11,0,-1.83520424065847,-9.441211682915249,-1.83520424065847,-9.441211682915249,0.0,False,False,nan,False
11,0.032025147,1.3432046,0.24933152,-0.39732918,0.0190554,0.0955251,False,False,0,50,True,12,12,0,-1.8255202947651696,-11.266731977680418,-1.8255202947651696,-11.266731977680418,0.0,False,False,nan,False
12,0.034566592,1.3336663,0.2493176,-0.42399937,0.023830501,0.09551052,False,False,0,50,True,13,13,0,-1.8090835493021302,-13.075815526982549,-1.8090835493021302,-13.075815526982549,0.0,False,False,nan,False
13,0.037107848,1.323528,0.24930373,-0.45066968,0.028604865,0.09549608,False,False,0,50,True,14,14,0,-1.7869394482878818,-14.86275497527043,-1.7869394482878818,-14.86275497527043,0.0,False,False,nan,False
14,0.03964901,1.3127903,0.2492899,-0.47734007,0.03337854,0.09548195,False,False,0,50,True,15,15,0,-1.7600268955483784,-16.62278187081881,-1.7600268955483784,-16.62278187081881,0.0,False,False,nan,False
15,0.042189978,1.3014526,0.24927612,-0.50401056,0.038151532,0.09546804,False,False,0,50,True,16,16,0,-1.7290588743154274,-18.351840745134236,-1.7290588743154274,-18.351840745134236,0.0,False,False,nan,False
16,0.044656657,1.2895054,0.23995583,-0.53116935,0.04479445,0.13287038,False,False,1,50,True,17,17,0,-1.5654125695642722,-19.91725331469851,-1.5654125695642722,-19.91725331469851,0.0,False,False,nan,False
17,0.047123145,1.2769588,0.2399362,-0.5578417,0.051435567,0.13283437,False,False,0,50,True,18,18,0,-1.8589391025791997,-21.77619241727771,-1.8589391025791997,-21.77619241727771,0.0,False,False,nan,False
18,0.049589347,1.2638128,0.23991708,-0.5845143,0.058076072,0.1328219,False,False,0,50,True,19,19,0,-1.8180726685184254,-23.594265085796135,-1.8180726685184254,-23.594265085796135,0.0,False,False,nan,False
19,0.05205536,1.2500674,0.23989849,-0.611187,0.06471557,0.13280195,False,False,0,50,True,20,20,0,-1.7751185432113061,-25.36938362900744,-1.7751185432113061,-25.36938362900744,0.0,False,False,nan,False
20,0.054581262,1.2357383,0.24744222,-0.63707846,0.069822885,0.102155425,False,False,3,50,True,21,21,0,-1.8061751804405322,-27.175558809447974,-1.8061751804405322,-27.175558809447974,0.0,False,False,nan,False
21,0.057015132,1.2208066,0.23589869,-0.66398853,0.07724047,0.14836526,False,False,1,50,True,22,22,0,-1.4115202037746417,-28.587079013222617,-1.4115202037746417,-28.587079013222617,0.0,False,False,nan,False
22,0.05952139,1.2052819,0.24499425,-0.69029766,0.08282419,0.11168456,False,False,3,50,True,23,23,0,-1.833310093530115,-30.420389106752733,-1.833310093530115,-30.420389106752733,0.0,False,False,nan,False
23,0.06194315,1.1891478,0.2344075,-0.7175148,0.090535834,0.15424676,False,False,1,50,True,24,24,0,-1.437090444487892,-31.857479551240626,-1.437090444487892,-31.857479551240626,0.0,False,False,nan,False
24,0.06442766,1.172431,0.2423122,-0.74335027,0.09663514,0.121997096,False,False,3,50,True,25,25,0,-1.6852223953389103,-33.542701946579534,-1.6852223953389103,-33.542701946579534,0.0,False,False,nan,False
25,0.06683464,1.1562179,0.23457304,-0.72098756,0.10270659,0.12142919,False,False,2,50,True,26,26,0,3.0640537479193144,-30.47864819866022,3.0640537479193144,-30.47864819866022,0.0,False,False,nan,False
26,0.06933594,1.1394176,0.24641716,-0.7469361,0.10639073,0.07368298,False,False,3,50,True,27,27,0,-1.570799907307445,-32.04944810596766,-1.570799907307445,-32.04944810596766,0.0,False,False,nan,False
27,0.07176657,1.1220114,0.23754933,-0.7740206,0.11185746,0.10933459,False,False,1,50,True,28,28,0,-1.166486070081162,-33.215934176048826,-1.166486070081162,-33.215934176048826,0.0,False,False,nan,False
28,0.074193195,1.1047913,0.23691317,-0.7657759,0.11757749,0.11440103,False,False,2,5,True,29,29,0,1.6370883148743587,-31.578845861174468,1.6370883148743587,-31.578845861174468,0.0,False,False,nan,False
29,0.07656441,1.0884377,0.23108637,-0.7273168,0.123573415,0.119918264,False,False,2,5,False,29,29,0,4.55976629058834,-27.01907957058613,4.55976629058834,-27.01907957058613,0.0,False,False,nan,False
30,0.0786746,1.07278,0.20570675,-0.6963498,0.12886462,0.10582437,False,False,2,5,False,29,29,0,4.422226367676655,-22.596853202909475,4.422226367676655,-22.596853202909475,0.0,False,False,nan,False
31,0.08075056,1.0579202,0.20188709,-0.6609385,0.13455331,0.11377356,False,False,2,5,False,29,29,0,4.09880764180208,-18.498045561107396,4.09880764180208,-18.498045561107396,0.0,False,False,nan,False
32,0.08265934,1.0430094,0.18571089,-0.66318077,0.13970272,0.10298809,False,False,2,5,False,29,29,0,0.8960731445479382,-17.60197241655946,0.8960731445479382,-17.60197241655946,0.0,False,False,nan,False
33,0.084532835,1.0288076,0.18178457,-0.6317169,0.14525321,0.11100946,False,False,2,5,False,29,29,0,3.679474484200324,-13.922497932359136,3.679474484200324,-13.922497932359136,0.0,False,False,nan,False
34,0.08634033,1.0153613,0.1748862,-0.5982031,0.15110709,0.11707737,False,False,2,5,False,29,29,0,3.8504094517284786,-10.072088480630658,3.8504094517284786,-10.072088480630658,0.0,False,False,nan,False
35,0.08823671,1.001916,0.18310027,-0.59824765,0.15764704,0.13079892,False,False,2,5,False,29,29,0,0.12945306417499297,-9.942635416455666,0.12945306417499297,-9.942635416455666,0.0,False,False,nan,False
36,0.09005127,0.98905694,0.1747109,-0.57224786,0.16438724,0.1348041,False,False,2,5,False,29,29,0,3.0222348838309587,-6.920400532624707,3.0222348838309587,-6.920400532624707,0.0,False,False,nan,False
37,0.09167938,0.9768415,0.15629748,-0.54364,0.17090479,0.13035117,False,False,2,5,False,29,29,0,3.515820627503854,-3.404579905120853,3.515820627503854,-3.404579905120853,0.0,False,False,nan,False
38,0.09308729,0.96500576,0.13478242,-0.52673864,0.17693317,0.1205677,False,False,2,5,True,30,30,0,2.4573286294390018,-0.9472512756818512,2.4573286294390018,-0.9472512756818512,0.0,False,False,nan,False
39,0.09456234,0.9525942,0.14324237,-0.5521376,0.18120936,0.08552383,False,False,3,5,False,30,30,0,-1.9073856017003539,-2.8546368773822053,-1.9073856017003539,-2.8546368773822053,0.0,False,False,nan,False
40,0.09609966,0.93960387,0.15109298,-0.5776697,0.18386173,0.053047545,False,False,3,5,False,30,30,0,-1.6868126785086577,-4.541449555890863,-1.6868126785086577,-4.541449555890863,0.0,False,False,nan,False
41,0.09770288,0.92603505,0.15938126,-0.60318273,0.1848025,0.018815005,False,False,3,5,False,30,30,0,-1.4692237244367436,-6.010673280327607,-1.4692237244367436,-6.010673280327607,0.0,False,False,nan,False
42,0.099394605,0.91189045,0.17051801,-0.6284771,0.18345566,-0.026937101,False,False,3,5,False,30,30,0,-1.238393710833633,-7.24906699116124,-1.238393710833633,-7.24906699116124,0.0,False,False,nan,False
43,0.10115232,0.89716357,0.17880887,-0.65415406,0.18040809,-0.06095141,False,False,3,5,False,30,30,0,-0.9762202262478741,-8.225287217409115,-0.9762202262478741,-8.225287217409115,0.0,False,False,nan,False
44,0.102994725,0.88185495,0.18943413,-0.6797578,0.17519517,-0.104258314,False,False,3,5,False,30,30,0,-0.7596216669820979,-8.984908884391212,-0.7596216669820979,-8.984908884391212,0.0,False,False,nan,False
45,0.10491075,0.86596054,0.19868606,-0.70559746,0.16810337,-0.1418358,False,False,3,5,False,30,30,0,-0.5028948386754155,-9.487803723066627,-0.5028948386754155,-9.487803723066627,0.0,False,False,nan,False
46,0.10690365,0.84948134,0.20832868,-0.7314195,0.15905437,-0.18097983,False,False,3,5,False,30,30,0,-0.26127293253787687,-9.749076655604503,-0.26127293253787687,-9.749076655604503,0.0,False,False,nan,False
47,0.10896444,0.8324112,0.21685135,-0.75756085,0.14828879,-0.2153118,False,False,3,5,False,30,30,0,-0.034229522281804065,-9.783306177886306,-0.034229522281804065,-9.783306177886306,0.0,False,False,nan,False
48,0.111086465,0.8147564,0.22456738,-0.783469,0.13595252,-0.24672504,False,False,3,5,True,31,31,0,0.2223285626694758,-9.56097761521683,0.2223285626694758,-9.56097761521683,0.0,False,False,nan,False
49,0.11312332,0.7964909,0.21392095,-0.8109029,0.12576795,-0.2036911,False,False,1,5,False,31,31,0,0.40676954993287606,-9.154208065283953,0.40676954993287606,-9.154208065283953,0.0,False,False,nan,False
50,0.11508417,0.77761763,0.20439935,-0.8381312,0.11750174,-0.16532393,False,False,1,5,False,31,31,0,0.23127947155185893,-8.922928593732093,0.23127947155185893,-8.922928593732093,0.0,False,False,nan,False
51,0.11696539,0.7581319,0.19440368,-0.8655472,0.111256704,-0.124900684,False,False,1,5,False,31,31,0,0.05157910640170485,-8.871349487330388,0.05157910640170485,-8.871349487330388,0.0,False,False,nan,False
52,0.11875343,0.73804295,0.18274716,-0.8925575,0.107345924,-0.07821566,False,False,1,5,False,31,31,0,-0.0786882210813917,-8.950037708411779,-0.0786882210813917,-8.950037708411779,0.0,False,False,nan,False
53,0.12048149,0.71734,0.17519951,-0.9199589,0.10496774,-0.047563538,False,False,1,5,False,31,31,0,-0.31926995842152794,-9.269307666833306,-0.31926995842152794,-9.269307666833306,0.0,False,False,nan,False
54,0.12214985,0.69601595,0.16768166,-0.9476774,0.10412857,-0.016783115,False,False,1,5,False,31,31,0,-0.46313790298287816,-9.732445569816184,-0.46313790298287816,-9.732445569816184,0.0,False,False,nan,False
55,0.12374373,0.6740819,0.15833299,-0.9749226,0.105174206,0.020912662,False,False,1,5,False,31,31,0,-0.5336504551447934,-10.266096024960977,-0.5336504551447934,-10.266096024960977,0.0,False,False,nan,False
56,0.12527256,0.6515495,0.15020499,-1.001633,0.107840225,0.05332045,False,False,1,5,False,31,31,0,-0.6240105291878695,-10.890106554148845,-0.6240105291878695,-10.890106554148845,0.0,False,False,nan,False
57,0.12673473,0.6284161,0.14184955,-1.0284684,0.11217659,0.08672749,False,False,1,5,False,31,31,0,-0.7593120314304531,-11.649418585579298,-0.7593120314304531,-11.649418585579298,0.0,False,False,nan,False
58,0.12812996,0.6046726,0.13344769,-1.055734,0.1182103,0.12067415,False,False,1,5,True,32,32,0,-0.9294564681585473,-12.578875053737844,-0.9294564681585473,-12.578875053737844,0.0,False,False,nan,False
59,0.12951097,0.58093166,0.13187674,-1.0556594,0.124398105,0.12375593,False,False,2,5,False,32,32,0,1.3988014297380402,-11.180073623999805,1.3988014297380402,-11.180073623999805,0.0,False,False,nan,False
60,0.13078623,0.5580043,0.12125627,-1.0195291,0.1306422,0.12488242,False,False,2,5,False,32,32,0,4.997275800757973,-6.182797823241832,4.997275800757973,-6.182797823241832,0.0,False,False,nan,False
61,0.13204908,0.53512824,0.11980901,-1.0172975,0.13709098,0.12897554,False,False,2,5,False,32,32,0,1.48840409541678,-4.694393727825052,1.48840409541678,-4.694393727825052,0.0,False,False,nan,False
62,0.13302727,0.5128606,0.092147306,-0.9902043,0.14274514,0.11308324,False,False,2,5,False,32,32,0,4.253900420920911,-0.44049330690414035,4.253900420920911,-0.44049330690414035,0.0,False,False,nan,False
63,0.13372488,0.49137342,0.06477568,-0.95547307,0.14772078,0.09951304,False,False,2,5,False,32,32,0,4.942830529108602,4.502337222204462,4.942830529108602,4.502337222204462,0.0,False,False,nan,False
64,0.13429698,0.47049782,0.052248247,-0.9283051,0.15267235,0.09903171,False,False,2,5,False,32,32,0,3.989594713241428,8.49193193544589,3.989594713241428,8.49193193544589,0.0,False,False,nan,False
65,0.13468981,0.4500531,0.034660984,-0.9091338,0.15728816,0.092316404,False,False,2,5,False,32,32,0,3.1877764035166765,11.679708338962566,3.1877764035166765,11.679708338962566,0.0,False,False,nan,False
66,0.13514042,0.43003795,0.03967815,-0.8901416,0.16266555,0.10754758,False,False,2,5,False,32,32,0,2.9394812102598395,14.619189549222405,2.9394812102598395,14.619189549222405,0.0,False,False,nan,False
67,0.13533258,0.41013825,0.014665559,-0.8849364,0.16722105,0.0911105,False,False,2,5,False,32,32,0,1.7295068792116524,16.348696428434057,1.7295068792116524,16.348696428434057,0.0,False,False,nan,False
68,0.13526897,0.3907139,-0.01029582,-0.8637522,0.17116229,0.07882436,False,False,2,25,True,33,33,0,3.272523891000316,19.62122031943437,3.272523891000316,19.62122031943437,0.0,False,False,nan,False
69,0.13499403,0.371625,-0.030957043,-0.84879875,0.17463188,0.069391616,False,False,2,25,False,33,33,0,2.6063924782218466,22.227612797656217,2.6063924782218466,22.227612797656217,0.0,False,False,nan,False
70,0.13467684,0.35349342,-0.03582284,-0.8063335,0.17874396,0.08224161,False,False,2,25,True,34,34,0,5.2226622883755,27.450275086031716,5.2226622883755,27.450275086031716,0.0,False,False,nan,False
71,0.13410263,0.33597273,-0.061015427,-0.7791375,0.1823505,0.07213094,False,False,2,25,False,34,34,0,3.5531530702369425,31.003428156268658,3.5531530702369425,31.003428156268658,0.0,False,False,nan,False
72,0.13350764,0.3194306,-0.063877925,-0.7357499,0.18674587,0.08790718,False,False,2,50,True,35,35,0,5.114906798005745,36.1183349542744,5.114906798005745,36.1183349542744,0.0,False,False,nan,False
73,0.13260011,0.30340672,-0.09435144,-0.7126315,0.19036132,0.07230927,False,False,2,50,True,36,36,0,2.8143124090397977,38.9326473633142,2.8143124090397977,38.9326473633142,0.0,False,False,nan,False
74,0.13156834,0.28832725,-0.10711131,-0.67070895,0.19431408,0.07905554,False,False,2,50,True,37,37,0,4.687951521249343,43.62059888456355,4.687951521249343,43.62059888456355,0.0,False,False,nan,False
75,0.13057461,0.27356195,-0.10402063,-0.6568523,0.19898401,0.09339889,False,False,2,50,True,38,38,0,2.0300568732492055,45.65065575781276,2.0300568732492055,45.65065575781276,0.0,False,False,nan,False
76,0.12954512,0.25872388,-0.10773747,-0.6601209,0.20381404,0.09660064,False,False,2,50,True,39,39,0,0.21354951651347848,45.86420527432624,0.21354951651347848,45.86420527432624,0.0,False,False,nan,False
77,0.12831679,0.24406429,-0.12721042,-0.65214723,0.20822926,0.08830461,False,False,2,50,True,40,40,0,1.060527883855795,46.924733158182036,1.060527883855795,46.924733158182036,0.0,False,False,nan,False
78,0.12681122,0.22965303,-0.15422948,-0.6410208,0.2119306,0.07402685,False,False,2,50,True,41,41,0,1.182492331429242,48.10722548961128,1.182492331429242,48.10722548961128,0.0,False,False,nan,False
79,0.12534523,0.21530135,-0.15086278,-0.6384697,0.21623932,0.08617475,False,False,2,50,True,42,42,0,0.916169743240627,49.02339523285191,0.916169743240627,49.02339523285191,0.0,False,False,nan,False
80,0.12383366,0.20164719,-0.15606867,-0.60757923,0.2212008,0.09922947,False,False,2,50,True,43,43,0,3.32811523816049,52.3515104710124,3.32811523816049,52.3515104710124,0.0,False,False,nan,False
81,0.12208195,0.18877044,-0.17992243,-0.5730202,0.22601126,0.0962093,False,False,2,50,True,44,44,0,3.071828933946162,55.42333940495857,3.071828933946162,55.42333940495857,0.0,False,False,nan,False
82,0.12036238,0.17596036,-0.17730081,-0.5701668,0.23142755,0.10832588,False,False,2,50,True,45,45,0,0.6708302030441871,56.09416960800276,0.6708302030441871,56.09416960800276,0.0,False,False,nan,False
83,0.11860399,0.16333681,-0.18154702,-0.5619547,0.23722593,0.11596773,False,False,2,50,True,46,46,0,0.9078942445790801,57.00206385258184,0.9078942445790801,57.00206385258184,0.0,False,False,nan,False
84,0.11669664,0.15132466,-0.19664808,-0.53483695,0.24323258,0.12013272,False,False,2,50,True,47,47,0,2.246401797811555,59.2484656503934,2.246401797811555,59.2484656503934,0.0,False,False,nan,False
85,0.114881895,0.13874353,-0.18500468,-0.5597504,0.2468165,0.07167877,False,False,3,50,True,48,48,0,-1.2609596148011935,57.987506035592205,-1.2609596148011935,57.987506035592205,0.0,False,False,nan,False
86,0.112827875,0.12677129,-0.20875676,-0.5326695,0.2502391,0.06845148,False,False,2,50,True,49,49,0,2.14166135916349,60.1291673947557,2.14166135916349,60.1291673947557,0.0,False,False,nan,False
87,0.1108345,0.11422628,-0.20110103,-0.5578568,0.25203773,0.035972487,False,False,3,50,True,50,50,0,-1.2431703543578425,58.885997040397854,-1.2431703543578425,58.885997040397854,0.0,False,False,nan,False
88,0.10858488,0.10233107,-0.22654071,-0.528947,0.2536502,0.03224922,False,False,2,50,True,51,51,0,2.29215376782862,61.178150808226476,2.29215376782862,61.178150808226476,0.0,False,False,nan,False
89,0.106188014,0.09074551,-0.24131267,-0.5151982,0.25530735,0.03314323,False,False,2,50,True,52,52,0,1.1373668045216874,62.31551761274817,1.1373668045216874,62.31551761274817,0.0,False,False,nan,False
90,0.10387077,0.078584224,-0.23132305,-0.5404321,0.25489217,-0.0083033275,False,False,3,50,True,53,53,0,-0.939867069299338,61.37565054344883,-0.939867069299338,61.37565054344883,0.0,False,False,nan,False
91,0.10130997,0.06688572,-0.25540894,-0.51981807,0.25421414,-0.013560389,False,False,2,50,True,54,54,0,1.5211022325185268,62.89675277596736,1.5211022325185268,62.89675277596736,0.0,False,False,nan,False
92,0.09873533,0.055626236,-0.25752944,-0.50043225,0.25428003,0.0013179558,False,False,2,50,True,55,55,0,2.13719820210211,65.03395097806947,2.13719820210211,65.03395097806947,0.0,False,False,nan,False
93,0.096235655,0.04380785,-0.24802351,-0.52492553,0.25229663,-0.039668262,False,False,3,50,True,56,56,0,-0.8489364050152222,64.18501457305425,-0.8489364050152222,64.18501457305425,0.0,False,False,nan,False
94,0.09349175,0.032742128,-0.27238697,-0.49146965,0.25026143,-0.040704787,False,False,2,50,True,57,57,0,2.437936522057112,66.62295109511136,2.437936522057112,66.62295109511136,0.0,False,False,nan,False
95,0.090834334,0.021113142,-0.2614757,-0.5161221,0.24592057,-0.08681752,False,True,3,50,True,58,58,0,-100,-33.37704890488864,-100.0,-33.37704890488864,0.0,False,False,0.5161221,False
96,0.08802567,0.010697875,-0.26116592,-0.4604643,0.22363971,-0.44878322,False,True,2,50,True,59,58,1,7.306821193574746,-26.070227711313894,7.306821193574746,-26.070227711313894,0.0,False,False,nan,False
97,0.08483715,0.0013428307,-0.27732903,-0.41000882,0.18198559,-0.8328106,False,True,2,50,True,60,58,2,7.685839560583259,-18.384388150730636,7.685839560583259,-18.384388150730636,0.0,False,False,nan,False
98,0.081419565,-0.006932821,-0.28126168,-0.36153504,0.12153495,-1.2090119,False,True,2,50,True,61,58,3,9.752131904168419,-8.632256246562218,9.752131904168419,-8.632256246562218,0.0,False,False,nan,False
99,0.07780943,-0.013919439,-0.28781474,-0.3062176,0.048865605,-1.45355,True,False,2,50,True,62,58,4,11.01495237227206,2.382696125709842,11.01495237227206,2.382696125709842,0.0,False,False,nan,False
100,0.07419262,-0.019556727,-0.30029303,-0.24984837,-0.009999129,-1.1750791,True,False,2,50,True,63,58,5,6.778946482150592,9.161642607860433,6.778946482150592,9.161642607860433,0.0,False,False,nan,False
101,0.07088499,-0.023903873,-0.28861755,-0.19405065,-0.051592845,-0.8318442,True,False,2,1,True,64,58,6,0.017991453821768755,9.1796340616822,0.017991453821768755,9.1796340616822,0.0,False,False,nan,False
102,0.06793098,-0.026643088,-0.27034804,-0.12280393,-0.07635633,-0.49525538,True,False,2,1,False,64,58,6,2.4928949572551575,11.672529018937357,2.4928949572551575,11.672529018937357,0.0,False,False,nan,False
103,0.06520434,-0.028681353,-0.26001838,-0.09128385,-0.08888118,-0.25049925,True,False,2,1,False,64,58,6,0.7566676599794178,12.429196678916774,0.7566676599794178,12.429196678916774,0.0,False,False,nan,False
104,0.06272574,-0.02979522,-0.24296033,-0.04980352,-0.09375111,-0.097404286,True,False,2,1,False,64,58,6,2.1485048303071794,14.577701509223953,2.1485048303071794,14.577701509223953,0.0,False,False,nan,False
105,0.060591124,-0.029886952,-0.21335383,-0.0040831747,-0.09385507,-0.0020821071,True,False,2,1,False,64,58,6,3.3396874352716113,17.917388944495563,3.3396874352716113,17.917388944495563,0.0,False,False,nan,False
106,0.058689974,-0.028613439,-0.19174954,0.056702163,-0.09222262,0.032654982,True,False,2,1,False,64,58,6,1.4335461801248186,19.35093512462038,1.4335461801248186,19.35093512462038,0.0,False,False,nan,False
107,0.056966685,-0.026257887,-0.17349607,0.10476766,-0.09105995,0.023268206,True,False,2,1,False,64,58,6,-0.1988270705456358,19.152108054074745,-0.1988270705456358,19.152108054074745,0.0,False,False,nan,False
108,0.055414774,-0.023425402,-0.15526894,0.12590024,-0.09096356,0.0019477438,True,False,2,1,False,64,58,6,0.24374757422448284,19.395855628299227,0.24374757422448284,19.395855628299227,0.0,False,False,nan,False
109,0.054019928,-0.020210043,-0.13963106,0.1429198,-0.09081948,0.002893661,True,False,2,1,False,64,58,6,-0.027883009645992718,19.367972618653233,-0.027883009645992718,19.367972618653233,0.0,False,False,nan,False
110,0.05272112,-0.016705753,-0.13060305,0.15579136,-0.0900997,0.014396861,False,False,2,1,False,64,58,6,-10.33941279460068,9.028559824052554,-10.33941279460068,9.028559824052554,0.0,False,False,nan,False
111,0.05148983,-0.01272321,-0.12384705,0.17704418,-0.089387245,0.014250467,False,False,2,1,False,64,58,6,-1.2790186537155848,7.749541170336969,-1.2790186537155848,7.749541170336969,0.0,False,False,nan,False
112,0.05040455,-0.008705761,-0.10975896,0.17862585,-0.0881716,0.024315324,False,False,2,1,False,64,58,6,0.6512553706519497,8.40079654098892,0.6512553706519497,8.40079654098892,0.0,False,False,nan,False
113,0.049260996,-0.0044557475,-0.11503768,0.18893068,-0.0874858,0.013717033,False,False,2,1,False,64,58,6,-1.2170623681715285,7.183734172817391,-1.2170623681715285,7.183734172817391,0.0,False,False,nan,False
114,0.048318386,0.000114808085,-0.095644236,0.20321439,-0.0861181,0.027356332,False,False,2,1,False,64,58,6,-0.3888140023314605,6.7949201704859306,-0.3888140023314605,6.7949201704859306,0.0,False,False,nan,False
115,0.047511198,0.0046841837,-0.08256486,0.20318916,-0.08428306,0.03670412,False,False,2,1,False,64,58,6,0.4685739359934303,7.263494106479361,0.4685739359934303,7.263494106479361,0.0,False,False,nan,False
116,0.046735667,0.009687004,-0.07925906,0.22244145,-0.08259799,0.033704385,False,False,2,1,False,64,58,6,-1.8119136675000178,5.451580438979343,-1.8119136675000178,5.451580438979343,0.0,False,False,nan,False
117,0.0458354,0.015028176,-0.09086116,0.23743375,-0.08177214,0.016518706,False,False,2,1,False,64,58,6,-2.0766458113754593,3.374934627603884,-2.0766458113754593,3.374934627603884,0.0,False,False,nan,False
118,0.045049094,0.020919308,-0.079684176,0.26188397,-0.08073016,0.020841451,False,False,2,1,False,64,58,6,-2.29042905894818,1.084505568655704,-2.29042905894818,1.084505568655704,0.0,False,False,nan,False
119,0.044391822,0.027555093,-0.06702443,0.2949908,-0.07945359,0.02553373,False,False,2,1,False,64,58,6,-3.3073456544235738,-2.22284008576787,-3.3073456544235738,-2.22284008576787,0.0,False,False,nan,False
120,0.043677997,0.03468662,-0.07247239,0.3170128,-0.07837344,0.021601211,False,False,2,1,False,64,58,6,-2.8128962315828785,-5.035736317350748,-2.8128962315828785,-5.035736317350748,0.0,False,False,nan,False
121,0.04317274,0.041720018,-0.052469242,0.3126959,-0.07644432,0.038581483,False,False,2,1,False,64,58,6,0.27916463671764263,-4.7565716806331055,0.27916463671764263,-4.7565716806331055,0.0,False,False,nan,False
122,0.042788982,0.04898208,-0.040686853,0.32287663,-0.07416061,0.04567375,False,False,2,1,False,64,58,6,-1.4081488354143687,-6.164720516047474,-1.4081488354143687,-6.164720516047474,0.0,False,False,nan,False
123,0.042376615,0.056237206,-0.043256253,0.3225477,-0.07216433,0.03992471,False,False,2,1,False,64,58,6,-0.6385265534634457,-6.8032470695109195,-0.6385265534634457,-6.8032470695109195,0.0,False,False,nan,False
124,0.042020224,0.06358296,-0.037742764,0.32657722,-0.07007516,0.041782048,False,False,2,1,False,64,58,6,-1.0024073678217207,-7.80565443733264,-1.0024073678217207,-7.80565443733264,0.0,False,False,nan,False
125,0.04185028,0.07157022,-0.019696517,0.35511494,-0.06740831,0.053336978,False,False,2,1,False,64,58,6,-3.393750826193833,-11.199405263526472,-3.393750826193833,-11.199405263526472,0.0,False,False,nan,False
126,0.041873835,0.07959846,-0.0011086134,0.35696462,-0.06398098,0.068546996,False,False,2,1,False,64,58,6,-0.7910949890774106,-11.990500252603884,-0.7910949890774106,-11.990500252603884,0.0,False,False,nan,False
127,0.041836165,0.08769137,-0.0067881057,0.35981053,-0.060987998,0.05985973,False,False,2,1,False,64,58,6,-1.0134393037806106,-13.003939556384495,-1.0134393037806106,-13.003939556384495,0.0,False,False,nan,False
128,0.041941356,0.096097335,0.0069973106,0.37373626,-0.057515875,0.06944298,False,False,2,1,False,64,58,6,-2.1146396948979698,-15.118579251282465,-2.1146396948979698,-15.118579251282465,0.0,False,False,nan,False
129,0.042009927,0.104794204,0.0037024196,0.38664538,-0.054393347,0.062450636,False,False,2,1,False,64,58,6,-2.0788722558970916,-17.197451507179558,-2.0788722558970916,-17.197451507179558,0.0,False,False,nan,False
130,0.042170525,0.114189155,0.012714239,0.4176707,-0.051082622,0.066214405,False,False,2,1,False,64,58,6,-3.9716456070722073,-21.169097114251766,-3.9716456070722073,-21.169097114251766,0.0,False,False,nan,False
131,0.042536926,0.12413486,0.032519907,0.4421691,-0.047011226,0.08142909,False,False,2,1,False,64,58,6,-3.392118532876469,-24.561215647128236,-3.392118532876469,-24.561215647128236,0.0,False,False,nan,False
132,0.04287939,0.13503149,0.030500207,0.48440737,-0.04330575,0.07411001,False,False,2,1,False,64,58,6,-5.175337678162111,-29.73655332529035,-5.175337678162111,-29.73655332529035,0.0,False,False,nan,False
133,0.04339571,0.14615415,0.047182225,0.49446312,-0.038911518,0.087885916,False,False,2,1,False,64,58,6,-2.0732623007185564,-31.809815626008906,-2.0732623007185564,-31.809815626008906,0.0,False,False,nan,False
134,0.043776415,0.15761548,0.034395065,0.50948226,-0.03528049,0.07262143,False,False,2,1,False,64,58,6,-2.4423090705150257,-34.25212469652393,-2.4423090705150257,-34.25212469652393,0.0,False,False,nan,False
135,0.044338226,0.17003818,0.051839124,0.5522178,-0.030995116,0.08570862,False,False,2,1,False,64,58,6,-5.486030173714641,-39.73815487023857,-5.486030173714641,-39.73815487023857,0.0,False,False,nan,False
136,0.045067407,0.18307415,0.067918494,0.5794679,-0.026062382,0.098656505,False,False,2,1,False,64,58,6,-3.967211702967492,-43.70536657320606,-3.967211702967492,-43.70536657320606,0.0,False,False,nan,False
137,0.04595556,0.19614294,0.08312859,0.580924,-0.02044614,0.11232728,False,False,2,1,False,64,58,6,-1.370563081494754,-45.07592965470081,-1.370563081494754,-45.07592965470081,0.0,False,False,nan,False
138,0.047033023,0.2095793,0.10123213,0.5972468,-0.014018034,0.12856536,False,False,2,1,False,64,58,6,-2.8833047457545318,-47.95923440045534,-2.8833047457545318,-47.95923440045534,0.0,False,False,nan,False
139,0.04819412,0.22388643,0.10928043,0.63591945,-0.007280306,0.13475806,False,False,2,1,False,64,58,6,-4.996062925577863,-52.9552973260332,-4.996062925577863,-52.9552973260332,0.0,False,False,nan,False
140,0.04918146,0.2386767,0.092771165,0.6573608,-0.0013897317,0.1178142,False,False,2,1,False,64,58,6,-3.041962925429078,-55.99726025146227,-3.041962925429078,-55.99726025146227,0.0,False,False,nan,False
141,0.050164223,0.25400385,0.092340305,0.6812012,0.0044642235,0.117081776,False,False,2,1,False,64,58,6,-4.484995324761786,-60.482255576224055,-4.484995324761786,-60.482255576224055,0.0,False,False,nan,False
142,0.05127249,0.26954356,0.10428977,0.6906239,0.0109061,0.12884083,False,False,2,1,False,64,58,6,-3.5931020128754936,-64.07535758909955,-3.5931020128754936,-64.07535758909955,0.0,False,False,nan,False
143,0.052273847,0.28523263,0.094102934,0.69723356,0.016870731,0.11929542,False,False,2,1,False,64,58,6,-2.967250519441751,-67.0426081085413,-2.967250519441751,-67.0426081085413,0.0,False,False,nan,False
144,0.053445436,0.30093536,0.11028198,0.69780564,0.023654524,0.13567923,False,False,2,1,False,64,58,6,-2.8356258077058127,-69.87823391624711,-2.8356258077058127,-69.87823391624711,0.0,False,False,nan,False
145,0.05473175,0.3174876,0.12113067,0.73551923,0.03107001,0.14831363,False,False,2,1,False,64,58,6,-6.59021153464393,-76.46844545089104,-6.59021153464393,-76.46844545089104,0.0,False,False,nan,False
146,0.05612545,0.33454835,0.13125546,0.7580661,0.03908286,0.16026178,False,False,2,1,False,64,58,6,-5.1984322509342915,-81.66687770182533,-5.1984322509342915,-81.66687770182533,0.0,False,False,nan,False
147,0.057567596,0.35242754,0.13570726,0.7943848,0.0474864,0.16807574,False,False,2,1,False,64,58,6,-6.582594042555175,-88.2494717443805,-6.582594042555175,-88.2494717443805,0.0,False,False,nan,False
148,0.05884409,0.37056443,0.11980362,0.80581254,0.05524514,0.1551793,False,False,2,1,False,64,58,6,-3.7644515108344505,-92.01392325521495,-3.7644515108344505,-92.01392325521495,0.0,False,False,nan,False
149,0.059975814,0.3887272,0.105895355,0.8069515,0.06244026,0.14390595,False,False,2,1,False,64,58,6,-2.7514867153880145,-94.76540997060296,-2.7514867153880145,-94.76540997060296,0.0,False,False,nan,False
150,0.060890675,0.40723187,0.0850468,0.8221474,0.0688147,0.12749222,False,False,2,1,False,64,58,6,-4.047110082765559,-98.81252005336852,-4.047110082765559,-98.81252005336852,0.0,False,False,nan,False
151,0.06156721,0.42651036,0.062396836,0.8565723,0.07400777,0.10386155,False,False,2,1,True,65,58,7,-5.967254744189932,-104.77977479755845,-5.967254744189932,-104.77977479755845,0.0,False,False,nan,False
152,0.06224365,0.4451892,0.06239708,0.82990336,0.07920082,0.103861056,False,False,0,1,False,65,58,7,0.2814829162731769,-104.49829188128527,0.2814829162731769,-104.49829188128527,0.0,False,False,nan,False
153,0.06292,0.46326852,0.062397342,0.80323446,0.08439382,0.10386038,False,False,0,1,False,65,58,7,0.3395907457762348,-104.15870113550903,0.3395907457762348,-104.15870113550903,0.0,False,False,nan,False
154,0.06359644,0.480748,0.06239762,0.77656555,0.08958683,0.103860155,False,False,0,1,False,65,58,7,0.39786287503577,-103.76083826047326,0.39786287503577,-103.76083826047326,0.0,False,False,nan,False
155,0.06427278,0.49762797,0.062397927,0.74989665,0.09477983,0.10385994,False,False,0,1,False,65,58,7,0.45619531821120063,-103.30464294226206,0.45619531821120063,-103.30464294226206,0.0,False,False,nan,False
156,0.06494913,0.51390827,0.062398244,0.72322774,0.09997281,0.10385964,False,False,0,1,False,65,58,7,0.5145899844801818,-102.79005295778188,0.5145899844801818,-102.79005295778188,0.0,False,False,nan,False
157,0.065625474,0.5295889,0.062398575,0.6965589,0.10516579,0.10385946,False,False,0,1,False,65,58,7,0.5730142412057546,-102.21703871657613,0.5730142412057546,-102.21703871657613,0.0,False,False,nan,False
158,0.066301726,0.5446699,0.06239892,0.66989005,0.11035876,0.10385927,False,False,0,1,False,65,58,7,0.6314296130433945,-101.58560910353273,0.6314296130433945,-101.58560910353273,0.0,False,False,nan,False
159,0.066978075,0.55915123,0.06239929,0.6432211,0.11555171,0.10385921,False,False,0,1,False,65,58,7,0.6898260092504529,-100.89578309428228,0.6898260092504529,-100.89578309428228,0.0,False,False,nan,False
160,0.06765423,0.57303303,0.062399678,0.6165522,0.12074465,0.10385902,False,False,0,1,False,65,58,7,0.7481512350061053,-100.14763185927617,0.7481512350061053,-100.14763185927617,0.0,False,False,nan,False
161,0.06833048,0.5863151,0.062400084,0.5898832,0.1259376,0.10385887,False,False,0,1,False,65,58,7,0.8063895992632126,-99.34124226001296,0.8063895992632126,-99.34124226001296,0.0,False,False,nan,False
162,0.06900664,0.5989974,0.06240051,0.56321436,0.13113053,0.103858694,False,False,0,1,False,65,58,7,0.8645084567153276,-98.47673380329763,0.8645084567153276,-98.47673380329763,0.0,False,False,nan,False
163,0.06968279,0.61108017,0.06240095,0.53654546,0.13632347,0.10385847,False,False,0,1,False,65,58,7,0.9224621014775494,-97.55427170182008,0.9224621014775494,-97.55427170182008,0.0,False,False,nan,False
164,0.07035885,0.6225635,0.062401403,0.5098765,0.1415164,0.10385828,False,False,0,1,False,65,58,7,0.9801888001827592,-96.57408290163733,0.9801888001827592,-96.57408290163733,0.0,False,False,nan,False
165,0.07103491,0.63344693,0.06240188,0.48320758,0.14670932,0.10385809,False,False,0,1,False,65,58,7,1.0376878872370696,-95.53639501440026,1.0376878872370696,-95.53639501440026,0.0,False,False,nan,False
166,0.07171087,0.64373076,0.062402368,0.45653865,0.15190221,0.10385791,False,False,0,1,False,65,58,7,1.0948422490998837,-94.44155276530037,1.0948422490998837,-94.44155276530037,0.0,False,False,nan,False
167,0.07238684,0.653415,0.062402874,0.4298697,0.1570951,0.10385772,False,False,0,1,False,65,58,7,1.1515559351330609,-93.28999683016731,1.1515559351330609,-93.28999683016731,0.0,False,False,nan,False
168,0.0730628,0.6624996,0.0624034,0.40320078,0.16228801,0.10385756,False,False,0,1,False,65,58,7,1.2077438583358173,-92.0822529718315,1.2077438583358173,-92.0822529718315,0.0,False,False,nan,False
169,0.07373877,0.67098445,0.06240394,0.3765319,0.16748086,0.10385736,False,False,0,1,False,65,58,7,1.2632573659779922,-90.8189956058535,1.2632573659779922,-90.8189956058535,0.0,False,False,nan,False
170,0.07441473,0.67886966,0.062404502,0.349863,0.17267372,0.103857145,False,False,0,1,False,65,58,7,1.3178354724200858,-89.50116013343342,1.3178354724200858,-89.50116013343342,0.0,False,False,nan,False
171,0.0750906,0.68615544,0.062405072,0.3231941,0.17786655,0.103856936,False,False,0,1,False,65,58,7,1.3712254567110165,-88.1299346767224,1.3712254567110165,-88.1299346767224,0.0,False,False,nan,False
172,0.07576647,0.69284135,0.06240567,0.29652518,0.18305938,0.10385673,False,False,0,1,False,65,58,7,1.4230320246845878,-86.70690265203781,1.4230320246845878,-86.70690265203781,0.0,False,False,nan,False
173,0.07644224,0.6989276,0.062406283,0.26985627,0.1882522,0.10385658,False,False,0,1,False,65,58,7,1.472618030226613,-85.2342846218112,1.472618030226613,-85.2342846218112,0.0,False,False,nan,False
174,0.07711792,0.7044143,0.062406916,0.24318737,0.19344501,0.103856385,False,False,0,1,False,65,58,7,1.5190601526345233,-83.71522446917668,1.5190601526345233,-83.71522446917668,0.0,False,False,nan,False
175,0.0777936,0.7093014,0.062407564,0.21651846,0.19863783,0.10385619,False,False,0,1,False,65,58,7,1.5609787513192828,-82.15424571785739,1.5609787513192828,-82.15424571785739,0.0,False,False,nan,False
176,0.07846928,0.7135888,0.06240823,0.18984957,0.20383063,0.10385599,False,False,0,1,False,65,58,7,1.5960598007788036,-80.55818591707859,1.5960598007788036,-80.55818591707859,0.0,False,False,nan,False
177,0.07914486,0.7172765,0.062408917,0.16318066,0.20902342,0.10385579,False,False,0,1,False,65,58,7,1.6203985823043752,-78.93778733477421,1.6203985823043752,-78.93778733477421,0.0,False,False,nan,False
178,0.07982035,0.7203645,0.06240961,0.13651179,0.2142162,0.103855595,False,False,0,1,False,65,58,7,1.627001347168516,-77.3107859876057,1.627001347168516,-77.3107859876057,0.0,False,False,nan,False
179,0.080495834,0.7228529,0.062410317,0.109842904,0.21940896,0.10385539,False,False,0,1,False,65,58,7,1.6025976270921802,-75.70818836051352,1.6025976270921802,-75.70818836051352,0.0,False,False,nan,False
180,0.08117123,0.72474176,0.06241105,0.08317402,0.22460173,0.10385521,False,False,0,1,False,65,58,7,1.5204156194106844,-74.18777274110283,1.5204156194106844,-74.18777274110283,0.0,False,False,nan,False
181,0.08184652,0.72603077,0.062411804,0.056505147,0.2297945,0.103855014,False,False,0,1,False,65,58,7,1.3246055961437548,-72.86316714495908,1.3246055961437548,-72.86316714495908,0.0,False,False,nan,False
182,0.08252182,0.7267203,0.062412567,0.029836273,0.23498726,0.103854835,False,False,0,1,False,65,58,7,0.9059296872735416,-71.95723745768554,0.9059296872735416,-71.95723745768554,0.0,False,False,nan,False
183,0.08319712,0.72681016,0.062413353,0.0031674022,0.24017996,0.103854634,False,False,0,1,False,65,58,7,0.13254139184003577,-71.8246960658455,0.13254139184003577,-71.8246960658455,0.0,False,False,nan,False
184,0.083872415,0.7263004,0.06241415,-0.023501465,0.24537268,0.10385443,False,False,0,1,False,65,58,7,-0.8962000084038237,-72.72089607424932,-0.8962000084038237,-72.72089607424932,0.0,False,False,nan,False
185,0.08454752,0.72519094,0.062414974,-0.050170336,0.25056538,0.103854224,False,False,0,1,False,65,58,7,-1.7555513536199356,-74.47644742786926,-1.7555513536199356,-74.47644742786926,0.0,False,False,nan,False
186,0.08522272,0.7234818,0.06241581,-0.07683919,0.25575805,0.10385404,False,False,0,1,False,65,58,7,-2.2489339069309153,-76.72538133480018,-2.2489339069309153,-76.72538133480018,0.0,False,False,nan,False
187,0.08589773,0.72117305,0.06241666,-0.10350805,0.26095074,0.10385386,False,False,0,1,False,65,58,7,-2.4855325250387352,-79.21091385983891,-2.4855325250387352,-79.21091385983891,0.0,False,False,nan,False
188,0.08657265,0.7182647,0.062417526,-0.13017692,0.26614344,0.103853665,False,False,0,1,False,65,58,7,-2.5881948366869665,-81.79910869652588,-2.5881948366869665,-81.79910869652588,0.0,False,False,nan,False
189,0.087247565,0.7147565,0.062418412,-0.15684575,0.2713361,0.10385349,False,False,0,1,False,65,58,7,-2.623327226363159,-84.42243592288904,-2.623327226363159,-84.42243592288904,0.0,False,False,nan,False
190,0.08792238,0.7106488,0.062419314,-0.18351458,0.27652878,0.103853285,False,False,0,1,False,65,58,7,-2.622799108750499,-87.04523503163954,-2.622799108750499,-87.04523503163954,0.0,False,False,nan,False
191,0.088597104,0.7059414,0.062420238,-0.21018343,0.2817214,0.10385306,False,False,0,1,False,65,58,7,-2.602164200847284,-89.64739923248682,-2.602164200847284,-89.64739923248682,0.0,False,False,nan,False
192,0.08927183,0.70063436,0.06242118,-0.23685227,0.28691408,0.10385287,False,False,0,1,False,65,58,7,-2.5695410824788496,-92.21694031496567,-2.5695410824788496,-92.21694031496567,0.0,False,False,nan,False
193,0.08994646,0.6947278,0.062422138,-0.2635211,0.29210672,0.10385269,False,False,0,1,False,65,58,7,-2.5293919587686133,-94.74633227373428,-2.5293919587686133,-94.74633227373428,0.0,False,False,nan,False
194,0.090620995,0.6882214,0.06242311,-0.29018992,0.29729936,0.103852496,False,False,0,1,False,65,58,7,-2.4842912913485407,-97.23062356508282,-2.4842912913485407,-97.23062356508282,0.0,False,False,nan,False
195,0.091295525,0.6811153,0.062424093,-0.31685877,0.30249193,0.103852294,False,False,0,1,False,65,58,7,-2.435856477812848,-99.66648004289567,-2.435856477812848,-99.66648004289567,0.0,False,False,nan,False
196,0.091970064,0.6734096,0.062425096,-0.34352762,0.3076845,0.10385213,False,False,0,1,False,65,58,7,-2.385098298917228,-102.0515783418129,-2.385098298917228,-102.0515783418129,0.0,False,False,nan,False
197,0.09264441,0.6651043,0.06242612,-0.37019646,0.31287712,0.10385194,False,False,0,1,False,65,58,7,-2.332698448745475,-104.38427679055837,-2.332698448745475,-104.38427679055837,0.0,False,False,nan,False
198,0.093318656,0.6561992,0.062427163,-0.39686528,0.31806973,0.10385175,False,False,0,1,False,65,58,7,-2.279058033726301,-106.66333482428468,-2.279058033726301,-106.66333482428468,0.0,False,False,nan,False
199,0.093992904,0.6466946,0.062428217,-0.4235341,0.32326227,0.10385156,False,False,0,1,False,65,58,7,-2.224573390303817,-108.88790821458849,-2.224573390303817,-108.88790821458849,0.0,False,False,nan,False
200,0.09466696,0.6365902,0.062429287,-0.45020294,0.32845485,0.10385134,False,False,0,1,False,65,58,7,-2.1694217723332088,-111.0573299869217,-2.1694217723332088,-111.0573299869217,0.0,False,False,nan,False
201,0.09534101,0.6258864,0.062430374,-0.4768718,0.3336474,0.103851154,False,False,0,1,True,66,58,8,-2.1138444728976253,-113.17117445981933,-2.1138444728976253,-113.17117445981933,0.0,False,False,nan,False
202,0.09607811,0.61462754,0.0704902,-0.5011453,0.33701843,0.06742043,False,False,3,1,False,66,58,8,-1.7793843387503034,-114.95055879856963,-1.7793843387503034,-114.95055879856963,0.0,False,False,nan,False
203,0.09688492,0.60280484,0.07928541,-0.52578175,0.33847356,0.02910232,False,False,3,1,False,66,58,8,-1.5852034352840565,-116.53576223385369,-1.5852034352840565,-116.53576223385369,0.0,False,False,nan,False
204,0.097754195,0.5904172,0.08720856,-0.5504927,0.3381866,-0.00573933,False,False,3,1,False,66,58,8,-1.3558605457836552,-117.89162277963734,-1.3558605457836552,-117.89162277963734,0.0,False,False,nan,False
205,0.098688796,0.5774649,0.09545138,-0.5751926,0.33609584,-0.041814648,False,False,3,1,False,66,58,8,-1.1292434885717444,-119.02086626820909,-1.1292434885717444,-119.02086626820909,0.0,False,False,nan,False
206,0.09969826,0.5639613,0.104990005,-0.5992232,0.3318731,-0.084455386,False,False,3,1,False,66,58,8,-0.8238704782011428,-119.84473674641023,-0.8238704782011428,-119.84473674641023,0.0,False,False,nan,False
207,0.10078077,0.54990834,0.11431352,-0.6232012,0.32555375,-0.12638679,False,False,3,1,False,66,58,8,-0.5589073446786859,-120.40364409108892,-0.5589073446786859,-120.40364409108892,0.0,False,False,nan,False
208,0.1019392,0.5353047,0.12397219,-0.6472441,0.3170844,-0.16938731,False,False,3,1,False,66,58,8,-0.30992881789097626,-120.7135729089799,-0.30992881789097626,-120.7135729089799,0.0,False,False,nan,False
209,0.103178404,0.52015173,0.13428785,-0.67123485,0.3063366,-0.21495506,False,False,3,1,False,66,58,8,-0.04400933573592056,-120.75758224471582,-0.04400933573592056,-120.75758224471582,0.0,False,False,nan,False
210,0.104496196,0.5044492,0.14433339,-0.6952984,0.29337382,-0.259256,False,False,3,1,False,66,58,8,0.22052686404660563,-120.53705538066922,0.22052686404660563,-120.53705538066922,0.0,False,False,nan,False
211,0.1059062,0.48818707,0.15598187,-0.71981823,0.2779434,-0.30860895,False,False,3,1,False,66,58,8,0.43429416914432406,-120.10276121152489,0.43429416914432406,-120.10276121152489,0.0,False,False,nan,False
212,0.107402705,0.47136998,0.16702798,-0.7442203,0.2601508,-0.35585237,False,False,3,1,False,66,58,8,0.737535177470819,-119.36522603405407,0.737535177470819,-119.36522603405407,0.0,False,False,nan,False
213,0.10899162,0.4539925,0.17876783,-0.7689378,0.23989685,-0.4050792,False,False,3,1,False,66,58,8,0.9801287403104209,-118.38509729374366,0.9801287403104209,-118.38509729374366,0.0,False,False,nan,False
214,0.11065674,0.43604708,0.18848637,-0.7941427,0.21762128,-0.44551176,False,False,3,1,False,66,58,8,1.223939388457752,-117.1611579052859,1.223939388457752,-117.1611579052859,0.0,False,False,nan,False
215,0.11239948,0.41752598,0.19835125,-0.8197951,0.19333442,-0.48573765,False,False,3,1,False,66,58,8,1.4220066483233051,-115.7391512569626,1.4220066483233051,-115.7391512569626,0.0,False,False,nan,False
216,0.11423378,0.39844352,0.2100302,-0.84485686,0.1666362,-0.53396505,False,False,3,1,False,66,58,8,1.717068037251779,-114.02208321971082,1.717068037251779,-114.02208321971082,0.0,False,False,nan,False
217,0.116135314,0.37879738,0.2186661,-0.8702164,0.13815124,-0.56969935,False,False,3,1,False,66,58,8,1.978318395281833,-112.04376482442899,1.978318395281833,-112.04376482442899,0.0,False,False,nan,False
218,0.11813021,0.3585788,0.23053415,-0.8960144,0.10726825,-0.6176602,False,False,3,1,False,66,58,8,2.1320243056954964,-109.9117405187335,2.1320243056954964,-109.9117405187335,0.0,False,False,nan,False
219,0.12020445,0.33779597,0.2406526,-0.921624,0.0743295,-0.6587759,False,False,3,1,False,66,58,8,2.429963303105724,-107.48177721562777,2.429963303105724,-107.48177721562777,0.0,False,False,nan,False
220,0.12235651,0.31643975,0.2505281,-0.9477851,0.039406743,-0.6984558,False,False,3,1,False,66,58,8,2.6085357952065933,-104.87324142042118,2.6085357952065933,-104.87324142042118,0.0,False,False,nan,False
221,0.12457075,0.29451063,0.25838855,-0.9740613,0.002908434,-0.729967,False,False,3,1,False,66,58,8,2.82845961474908,-102.0447818056721,2.82845961474908,-102.0447818056721,0.0,False,False,nan,False
222,0.12687436,0.2719996,0.26960838,-1.0008708,-0.035832606,-0.77482206,False,False,3,1,False,66,58,8,-4.238421311867881,-106.28320311753998,-4.238421311867881,-106.28320311753998,0.0,False,False,nan,False
223,0.12927274,0.24889548,0.2814167,-1.028354,-0.076942846,-0.82220536,False,False,3,1,False,66,58,8,-5.135717699518323,-111.41892081705831,-5.135717699518323,-111.41892081705831,0.0,False,False,nan,False
224,0.13175821,0.22520192,0.2921838,-1.0558609,-0.12022076,-0.86555946,False,False,3,1,False,66,58,8,-5.340509146998612,-116.75942996405692,-5.340509146998612,-116.75942996405692,0.0,False,False,nan,False
225,0.13432474,0.20091505,0.30207562,-1.0836986,-0.1655103,-0.9057921,False,False,3,1,False,66,58,8,-5.5826763042089445,-122.34210626826587,-5.5826763042089445,-122.34210626826587,0.0,False,False,nan,False
226,0.13697128,0.17604919,0.31165066,-1.1110665,-0.21272478,-0.944291,False,False,3,1,False,66,58,8,-5.7825198436837,-128.12462611194957,-5.7825198436837,-128.12462611194957,0.0,False,False,nan,False
227,0.13969651,0.15059224,0.32091686,-1.1391381,-0.2618534,-0.98257446,False,False,3,1,False,66,58,8,-6.1313126986363775,-134.25593881058595,-6.1313126986363775,-134.25593881058595,0.0,False,False,nan,False
228,0.1425027,0.124541484,0.3303059,-1.1675068,-0.31295085,-1.0219508,False,False,3,1,False,66,58,8,-6.509561490703844,-140.7655003012898,-6.509561490703844,-140.7655003012898,0.0,False,False,nan,False
229,0.14539404,0.09788555,0.34001675,-1.1965858,-0.36616313,-1.0642478,False,False,3,1,False,66,58,8,-7.015608250384644,-147.78110855167444,-7.015608250384644,-147.78110855167444,0.0,False,False,nan,False
230,0.14837894,0.07060562,0.35060158,-1.2267666,-0.42181164,-1.1129727,False,False,3,1,False,66,58,8,-7.69218544088477,-155.4732939925592,-7.69218544088477,-155.4732939925592,0.0,False,False,nan,False
231,0.15144463,0.042728674,0.35913712,-1.2557985,-0.4793633,-1.1510364,True,False,3,1,False,66,58,8,1.8852833189660612,-153.58801067359315,1.8852833189660612,-153.58801067359315,0.0,False,False,nan,False
232,0.15429449,0.016112432,0.32378533,-1.1970699,-0.5248869,-0.91285926,False,False,3,1,False,66,58,8,-7.754328011293011,-161.34233868488616,-7.754328011293011,-161.34233868488616,0.0,False,False,nan,False
233,0.15775613,-0.0072351955,0.21730182,-0.25389016,-0.5192417,2.8918848,True,False,3,1,False,66,58,8,-100,-261.34233868488616,-100,-261.34233868488616,0.0,True,False,nan,False
