step,x,y,vx,vy,angle,angular_velocity,left_leg_contact,right_leg_contact,navigation_action,current_fps,fresh_observation,n_fresh_observations,n_fresh_observations_before_touchdown,n_fresh_observations_after_touchdown,instant_nav_reward,cumulative_nav_reward,instant_adaptive_reward,cumulative_adaptive_reward,instant_frame_penalty,terminated,truncated,vy_at_touchdown,success
1,-0.010979271,1.4211873,-0.5496582,0.2151578,0.010788985,0.08756588,False,False,3,10,True,2,2,0,0.9735175733081303,0.9735175733081303,-1.0264824266918697,-1.0264824266918697,2.0,False,False,nan,False
2,-0.01635008,1.4254417,-0.53942376,0.1890709,0.0131068975,0.04636232,False,False,3,10,False,2,2,0,1.1745525792771627,2.148070152585293,1.1745525792771627,0.148070152585293,0.0,False,False,nan,False
3,-0.021638203,1.4291034,-0.5290554,0.16274391,0.013343103,0.004724601,False,False,3,10,False,2,2,0,1.3810664663813281,3.5291366189666213,1.3810664663813281,1.5291366189666211,0.0,False,False,nan,False
4,-0.026865195,1.4321599,-0.52138054,0.13585496,0.012042119,-0.026022185,False,False,3,10,False,2,2,0,1.2587553889548826,4.787892007921504,1.2587553889548826,2.7878920079215037,0.0,False,False,nan,False
5,-0.03201876,1.434608,-0.5121906,0.10882504,0.00890128,-0.06282264,False,False,3,10,False,2,2,0,1.545294650417959,6.3331866583394625,1.545294650417959,4.3331866583394625,0.0,False,False,nan,False
6,-0.03710661,1.4364474,-0.50393105,0.08176658,0.0041088588,-0.095857196,False,False,3,5,True,3,3,0,1.5633561009106256,7.896542759250088,-0.4366438990893744,3.896542759250088,2.0,False,False,nan,False
7,-0.042194176,1.4376869,-0.5039158,0.055096854,-0.00068250386,-0.095835924,False,False,0,5,False,3,3,0,0.5649628893556837,8.461505648605772,0.5649628893556837,4.461505648605772,0.0,False,False,nan,False
8,-0.047281552,1.4383266,-0.5039015,0.028426943,-0.0054734647,-0.09582802,False,False,0,5,False,3,3,0,-0.33723390455537583,8.124271744050397,-0.33723390455537583,4.124271744050396,0.0,False,False,nan,False
9,-0.05236883,1.4383667,-0.50388753,0.0017569715,-0.010263702,-0.09581341,False,False,0,5,False,3,3,0,-0.4194282273651595,7.704843516685237,-0.4194282273651595,3.7048435166852363,0.0,False,False,nan,False
10,-0.057456017,1.4378072,-0.5038734,-0.024913084,-0.015053186,-0.09579842,False,False,0,5,False,3,3,0,-0.5022865264801908,7.202556990205046,-0.5022865264801908,3.2025569902050455,0.0,False,False,nan,False
11,-0.06254301,1.4366479,-0.5038594,-0.05158323,-0.019841924,-0.09578357,False,False,0,5,False,3,3,0,-0.5846675459691255,6.617889444235921,-0.5846675459691255,2.61788944423592,0.0,False,False,nan,False
12,-0.067629814,1.4348888,-0.5038454,-0.07825341,-0.024629923,-0.095768794,False,False,0,5,False,3,3,0,-0.6654176542980679,5.952471789937853,-0.6654176542980679,1.952471789937852,0.0,False,False,nan,False
13,-0.07271652,1.43253,-0.5038315,-0.10492372,-0.029417193,-0.095754065,False,False,0,5,False,3,3,0,-0.7434782757217988,5.208993514216054,-0.7434782757217988,1.2089935142160533,0.0,False,False,nan,False
14,-0.077803135,1.4295715,-0.5038177,-0.13159412,-0.034203734,-0.09573941,False,False,0,5,False,3,3,0,-0.8178266349637227,4.3911668792523315,-0.8178266349637227,0.3911668792523306,0.0,False,False,nan,False
15,-0.08288956,1.4260131,-0.50380385,-0.15826462,-0.038989533,-0.095724784,False,False,0,5,False,3,3,0,-0.8876511078238707,3.503515771428461,-0.8876511078238707,-0.49648422857154006,0.0,False,False,nan,False
16,-0.087975785,1.421855,-0.5037901,-0.1849352,-0.043774627,-0.095710255,False,False,0,5,True,4,4,0,-0.9522906685749604,2.5512251028535005,-2.9522906685749604,-3.4487748971465004,2.0,False,False,nan,False
17,-0.09306183,1.4170973,-0.50377643,-0.21160588,-0.048558988,-0.09569588,False,False,0,5,False,4,4,0,-1.0112027557863428,1.5400223470671577,-1.0112027557863428,-4.459977652932843,0.0,False,False,nan,False
18,-0.09814777,1.4117397,-0.50376284,-0.23827669,-0.053342637,-0.09568149,False,False,0,5,False,4,4,0,-1.0640395759354249,0.4759827711317328,-1.0640395759354249,-5.524017228868268,0.0,False,False,nan,False
19,-0.10323353,1.4057823,-0.50374925,-0.26494756,-0.058125567,-0.095667236,False,False,0,5,False,4,4,0,-1.1106030275039416,-0.6346202563722088,-1.1106030275039416,-6.63462025637221,0.0,False,False,nan,False
20,-0.108319186,1.3992254,-0.5037358,-0.29161856,-0.06290778,-0.09565305,False,False,0,5,False,4,4,0,-1.1508572331916298,-1.7854774895638386,-1.1508572331916298,-7.7854774895638394,0.0,False,False,nan,False
21,-0.113404654,1.3920685,-0.5037223,-0.31828967,-0.06768931,-0.095638916,False,False,0,5,False,4,4,0,-1.1848296765403745,-2.970307166104213,-1.1848296765403745,-8.970307166104213,0.0,False,False,nan,False
22,-0.118490025,1.3843119,-0.50370896,-0.34496084,-0.072470106,-0.09562484,False,False,0,5,False,4,4,0,-1.2126962070551883,-4.183003373159401,-1.2126962070551883,-10.183003373159401,0.0,False,False,nan,False
23,-0.12357511,1.3759556,-0.50369567,-0.37163216,-0.07725023,-0.09561084,False,False,0,5,False,4,4,0,-1.2346523632204196,-5.417655736379821,-1.2346523632204196,-11.417655736379821,0.0,False,False,nan,False
24,-0.12866011,1.3669995,-0.5036825,-0.39830354,-0.082029656,-0.09559712,False,False,0,5,False,4,4,0,-1.2509870321196104,-6.668642768499431,-1.2509870321196104,-12.668642768499431,0.0,False,False,nan,False
25,-0.13374624,1.3574224,-0.5037841,-0.42592576,-0.08680868,-0.09558048,False,False,0,5,False,4,4,0,-1.3300635383319275,-7.998706306831359,-1.3300635383319275,-13.998706306831359,0.0,False,False,nan,False
26,-0.13883238,1.3472455,-0.50378436,-0.45259434,-0.091587685,-0.095580384,False,False,0,5,True,5,5,0,-1.268787778103217,-9.267494084934576,-3.268787778103217,-17.267494084934576,2.0,False,False,nan,False
27,-0.14391842,1.3364688,-0.5037846,-0.47926292,-0.09636669,-0.09558012,False,False,0,5,False,5,5,0,-1.270054897965764,-10.53754898290034,-1.270054897965764,-18.53754898290034,0.0,False,False,nan,False
28,-0.14900446,1.3250926,-0.50378484,-0.5059315,-0.10114568,-0.09557993,False,False,0,5,False,5,5,0,-1.2670491923526868,-11.804598175253027,-1.2670491923526868,-19.804598175253027,0.0,False,False,nan,False
29,-0.1540905,1.3131164,-0.5037851,-0.5326001,-0.10592467,-0.09557978,False,False,0,5,False,5,5,0,-1.260097694197981,-13.064695869451008,-1.260097694197981,-21.064695869451008,0.0,False,False,nan,False
30,-0.15917654,1.3005408,-0.5037853,-0.55926865,-0.11070364,-0.095579505,False,False,0,5,False,5,5,0,-1.2495623814538135,-14.314258250904821,-1.2495623814538135,-22.31425825090482,0.0,False,False,nan,False
31,-0.16426249,1.2873653,-0.50378555,-0.5859372,-0.11548259,-0.09557916,False,False,0,5,False,5,5,0,-1.23570883108232,-15.549967081987141,-1.23570883108232,-23.54996708198714,0.0,False,False,nan,False
32,-0.16934843,1.2735902,-0.5037859,-0.61260575,-0.120261535,-0.09557889,False,False,0,5,False,5,5,0,-1.2188830655491074,-16.76885014753625,-1.2188830655491074,-24.76885014753625,0.0,False,False,nan,False
33,-0.17443438,1.2592155,-0.5037862,-0.6392743,-0.12504047,-0.09557865,False,False,0,5,False,5,5,0,-1.1993380517349976,-17.968188199271246,-1.1993380517349976,-25.968188199271246,0.0,False,False,nan,False
34,-0.17952032,1.244241,-0.50378656,-0.6659429,-0.1298194,-0.09557851,False,False,0,5,False,5,5,0,-1.1773492931774001,-19.145537492448646,-1.1773492931774001,-27.145537492448646,0.0,False,False,nan,False
35,-0.18460616,1.2286669,-0.5037869,-0.69261146,-0.13459831,-0.095578365,False,False,0,5,False,5,5,0,-1.1531510874991113,-20.298688579947758,-1.1531510874991113,-28.298688579947758,0.0,False,False,nan,False
36,-0.18969202,1.212493,-0.5037873,-0.71927994,-0.13937722,-0.095578216,False,False,0,10,True,6,6,0,-1.126974973820353,-21.42566355376811,-3.126974973820353,-31.42566355376811,2.0,False,False,nan,False
37,-0.19477777,1.1957194,-0.5037877,-0.7459485,-0.14415613,-0.09557804,False,False,0,10,False,6,6,0,-1.0990762730538393,-22.52473982682195,-1.0990762730538393,-32.52473982682195,0.0,False,False,nan,False
38,-0.19986363,1.178346,-0.5037881,-0.77261704,-0.14893502,-0.095578015,False,False,0,10,False,6,6,0,-1.0696282702909343,-23.594368097112884,-1.0696282702909343,-33.594368097112884,0.0,False,False,nan,False
39,-0.20494933,1.160373,-0.50378853,-0.7992856,-0.1537139,-0.0955779,False,False,0,10,False,6,6,0,-1.0388226697361915,-24.633190766849076,-1.0388226697361915,-34.633190766849076,0.0,False,False,nan,False
40,-0.21003504,1.1418004,-0.503789,-0.82595414,-0.15849279,-0.095577724,False,False,0,10,False,6,6,0,-1.0068915067402031,-25.64008227358928,-1.0068915067402031,-35.64008227358928,0.0,False,False,nan,False
41,-0.2151207,1.122628,-0.50378937,-0.8526227,-0.16327167,-0.09557761,False,False,0,10,True,7,7,0,-0.9739402821004433,-26.614022555689722,-2.9739402821004433,-38.61402255568972,2.0,False,False,nan,False
42,-0.22020635,1.1028558,-0.50378984,-0.8792912,-0.16805056,-0.09557746,False,False,0,10,False,7,7,0,-0.94020306208688,-27.554225617776602,-0.94020306208688,-39.5542256177766,0.0,False,False,nan,False
43,-0.22529192,1.082484,-0.5037903,-0.9059597,-0.17282942,-0.095577285,False,False,0,10,False,7,7,0,-0.9058256925528099,-28.460051310329412,-0.9058256925528099,-40.46005131032941,0.0,False,False,nan,False
44,-0.23037753,1.0615126,-0.5037908,-0.9326283,-0.17760828,-0.09557715,False,False,0,10,False,7,7,0,-0.8709753520227821,-29.331026662352194,-0.8709753520227821,-41.331026662352194,0.0,False,False,nan,False
45,-0.2354631,1.0399415,-0.5037913,-0.9592968,-0.18238713,-0.09557701,False,False,0,10,False,7,7,0,-0.8358149690938035,-30.166841631445998,-0.8358149690938035,-42.166841631446,0.0,False,False,nan,False
46,-0.24054861,1.0177705,-0.50379175,-0.9859654,-0.18716598,-0.09557687,False,False,0,10,True,8,8,0,-0.8005047256628757,-30.967346357108873,-2.8005047256628757,-44.96734635710887,2.0,False,False,nan,False
47,-0.24564424,0.99614114,-0.5041105,-0.96200657,-0.19264655,-0.10961135,False,False,2,10,False,8,8,0,3.248119497805601,-27.719226859303273,3.248119497805601,-41.71922685930327,0.0,False,False,nan,False
48,-0.25074917,0.97487324,-0.5044301,-0.9460362,-0.19873723,-0.12181358,False,False,2,10,False,8,8,0,2.4256061297697444,-25.29362072953353,2.4256061297697444,-39.29362072953352,0.0,False,False,nan,False
49,-0.25579244,0.9541869,-0.4978485,-0.920274,-0.20526907,-0.13063684,False,False,2,10,False,8,8,0,3.5005255018429127,-21.793095227690618,3.5005255018429127,-35.79309522769061,0.0,False,False,nan,False
50,-0.26092458,0.9335565,-0.50593495,-0.917939,-0.21261589,-0.14693645,False,False,2,10,False,8,8,0,0.6370272015337377,-21.15606802615688,0.6370272015337377,-35.156068026156866,0.0,False,False,nan,False
51,-0.26592287,0.913694,-0.4922785,-0.88388515,-0.22024849,-0.1526516,False,False,2,10,True,9,9,0,4.350306201571766,-16.805761824585115,2.350306201571766,-32.8057618245851,2.0,False,False,nan,False
52,-0.27057618,0.89453834,-0.45845795,-0.8524064,-0.22720487,-0.13912769,False,False,2,10,False,9,9,0,5.093684501389572,-11.712077323195544,5.093684501389572,-27.712077323195526,0.0,False,False,nan,False
53,-0.27526173,0.8753885,-0.46113482,-0.85226417,-0.23472783,-0.1504592,False,False,2,10,False,9,9,0,0.524960091250233,-11.187117231945312,0.524960091250233,-27.187117231945294,0.0,False,False,nan,False
54,-0.27996612,0.8562893,-0.4624893,-0.85014534,-0.24280249,-0.1614934,False,False,2,10,False,9,9,0,0.6892373016514284,-10.497879930293884,0.6892373016514284,-26.497879930293866,0.0,False,False,nan,False
55,-0.28465003,0.837397,-0.45996484,-0.84107465,-0.25138423,-0.17163469,False,False,2,10,False,9,9,0,1.4031346221050398,-9.094745308188845,1.4031346221050398,-25.094745308188827,0.0,False,False,nan,False
56,-0.2890986,0.81853765,-0.4369963,-0.83955926,-0.25939694,-0.16025448,False,False,2,10,True,10,10,0,1.750140538881692,-7.344604769307153,-0.24985946111830803,-25.344604769307136,2.0,False,False,nan,False
57,-0.29318872,0.80045074,-0.4016757,-0.80517864,-0.26689357,-0.14993273,False,False,2,10,False,10,10,0,5.181019789249899,-2.1635849800572533,5.181019789249899,-20.163584980057237,0.0,False,False,nan,False
58,-0.2970174,0.7831523,-0.3755875,-0.77016646,-0.274354,-0.14920846,False,False,2,10,False,10,10,0,4.7352635125289,2.5716785324716467,4.7352635125289,-15.428321467528338,0.0,False,False,nan,False
59,-0.30085188,0.76594967,-0.37559137,-0.7660522,-0.28242216,-0.16136262,False,False,2,10,False,10,10,0,0.7294140509031422,3.301092583374789,0.7294140509031422,-14.698907416625197,0.0,False,False,nan,False
60,-0.3046751,0.7490856,-0.37374738,-0.7511963,-0.2912473,-0.17650315,False,False,2,10,False,10,10,0,1.6551642694896713,4.956256852864461,1.6551642694896713,-13.043743147135526,0.0,False,False,nan,False
61,-0.30837435,0.73252916,-0.3611232,-0.73763245,-0.3003271,-0.18159571,False,False,2,10,True,11,11,0,1.9554613152287856,6.9117181680932465,-0.044538684771214365,-13.088281831906741,2.0,False,False,nan,False
62,-0.31194767,0.71619576,-0.34837332,-0.72780377,-0.30960226,-0.18550317,False,False,2,10,False,11,11,0,1.5735194873046907,8.485237655397937,1.5735194873046907,-11.514762344602051,0.0,False,False,nan,False
63,-0.31537104,0.70076966,-0.33267063,-0.6877024,-0.31963342,-0.20062315,False,False,2,10,False,11,11,0,4.2632525816726,12.748490237070538,4.2632525816726,-7.251509762929451,0.0,False,False,nan,False
64,-0.31844312,0.68577236,-0.29810035,-0.66858727,-0.32911962,-0.1897239,False,False,2,10,False,11,11,0,3.1782988564607537,15.92678909353129,3.1782988564607537,-4.073210906468697,0.0,False,False,nan,False
65,-0.3212954,0.6715625,-0.27574468,-0.63374484,-0.3390272,-0.19815125,False,False,2,10,False,11,11,0,3.9628154402394786,19.88960453377077,3.9628154402394786,-0.11039546622921836,0.0,False,False,nan,False
66,-0.3238399,0.6575807,-0.24547298,-0.6235578,-0.34844196,-0.18829517,False,False,2,10,True,12,12,0,2.0052136660695057,21.894818199840273,0.005213666069505685,-0.10518180015971268,2.0,False,False,nan,False
67,-0.32614136,0.6443663,-0.22083385,-0.5896018,-0.35824043,-0.19596955,False,False,2,10,False,12,12,0,3.8530154772628977,25.74783367710317,3.8530154772628977,3.747833677103185,0.0,False,False,nan,False
68,-0.32833272,0.63162446,-0.2092081,-0.5688091,-0.36872256,-0.20964238,False,False,2,10,False,12,12,0,2.0393977609389085,27.787231438042078,2.0393977609389085,5.7872314380420935,0.0,False,False,nan,False
69,-0.33009118,0.61962277,-0.16631697,-0.53589827,-0.37882704,-0.20208871,False,False,2,10,False,12,12,0,4.164657156041881,31.951888594083957,4.164657156041881,9.951888594083975,0.0,False,False,nan,False
70,-0.33158937,0.6083612,-0.13993952,-0.5031728,-0.3893419,-0.21029727,False,False,2,10,False,12,12,0,3.4531724143945555,35.40506100847851,3.4531724143945555,13.40506100847853,0.0,False,False,nan,False
71,-0.33303723,0.59704036,-0.13455692,-0.5059816,-0.4002746,-0.2186544,False,False,2,10,True,13,13,0,-0.6015686855647175,34.8034923229138,-2.6015686855647173,10.803492322913812,2.0,False,False,nan,False
72,-0.33423346,0.5861781,-0.109257616,-0.48573294,-0.41140804,-0.22266857,False,False,2,10,False,13,13,0,2.043863841523245,36.847356164437045,2.043863841523245,12.847356164437056,0.0,False,False,nan,False
73,-0.335279,0.57536155,-0.094084755,-0.4838256,-0.4226987,-0.22581367,False,False,2,10,False,13,13,0,-0.04609771657245004,36.8012584478646,-0.04609771657245004,12.801258447864605,0.0,False,False,nan,False
74,-0.33618346,0.5649976,-0.07936022,-0.46398655,-0.4347271,-0.24056792,False,False,2,10,False,13,13,0,1.5607393507810456,38.361997798645646,1.5607393507810456,14.36199779864565,0.0,False,False,nan,False
75,-0.33657512,0.55526954,-0.02863961,-0.4356622,-0.4462096,-0.22965047,False,False,2,10,False,13,13,0,2.7777512791980543,41.1397490778437,2.7777512791980543,17.139749077843703,0.0,False,False,nan,False
76,-0.3366902,0.5462065,-0.0005557215,-0.40634093,-0.45822227,-0.24025337,False,False,2,10,True,14,14,0,2.292144779742654,43.43189385758636,0.29214477974265396,17.431893857586356,2.0,False,False,nan,False
77,-0.33688468,0.53661656,-0.010830401,-0.42908713,-0.46773347,-0.19022389,False,False,1,10,False,14,14,0,-2.465349030556409,40.96654482702995,-2.465349030556409,14.966544827029947,0.0,False,False,nan,False
78,-0.33714825,0.5264782,-0.019630037,-0.45287445,-0.47518098,-0.14895013,False,False,1,10,False,14,14,0,-2.3402187942817236,38.626326032748224,-2.3402187942817236,12.626326032748224,0.0,False,False,nan,False
79,-0.33748865,0.5157921,-0.029367661,-0.47655228,-0.4803779,-0.1039388,False,False,1,10,False,14,14,0,-2.086782574574413,36.53954345817381,-2.086782574574413,10.539543458173812,0.0,False,False,nan,False
80,-0.3378881,0.50456417,-0.0369943,-0.500051,-0.48366687,-0.06577902,False,False,1,10,False,14,14,0,-1.8408102813883136,34.698733176785495,-1.8408102813883136,8.698733176785499,0.0,False,False,nan,False
81,-0.33834615,0.49277115,-0.044349108,-0.5246412,-0.4852874,-0.03241046,False,False,1,10,True,15,15,0,-1.7511691200581925,32.9475640567273,-3.7511691200581927,4.947564056727306,2.0,False,False,nan,False
82,-0.33858246,0.48113203,-0.02202176,-0.51786315,-0.48708564,-0.03596512,False,False,2,10,False,15,15,0,1.280513313267204,34.22807736999451,1.280513313267204,6.2280773699945104,0.0,False,False,nan,False
83,-0.33860928,0.47002065,-0.00038007626,-0.49465126,-0.48965603,-0.051407576,False,False,2,10,False,15,15,0,2.7145311137437433,36.942608483738255,2.7145311137437433,8.942608483738255,0.0,False,False,nan,False
84,-0.3385616,0.458893,0.007547797,-0.4955531,-0.4927694,-0.062267363,False,False,2,10,False,15,15,0,0.19473780907317179,37.13734629281143,0.19473780907317179,9.137346292811426,0.0,False,False,nan,False
85,-0.33816236,0.4482169,0.042791437,-0.4755253,-0.4959846,-0.064304605,False,False,2,10,False,15,15,0,2.074440387975341,39.21178668078677,2.074440387975341,11.211786680786766,0.0,False,False,nan,False
86,-0.33746403,0.43805602,0.073067404,-0.4527664,-0.49962062,-0.07272027,False,False,2,10,True,16,16,0,2.0690343393601554,41.28082102014693,0.06903433936015535,11.28082102014692,2.0,False,False,nan,False
87,-0.33684945,0.4273626,0.062411766,-0.47561046,-0.50069165,-0.02142127,False,False,1,10,False,16,16,0,-1.3621940476549514,39.91862697249198,-1.3621940476549514,9.91862697249197,0.0,False,False,nan,False
88,-0.3363029,0.41613588,0.053644646,-0.49859554,-0.49955449,0.022743147,False,False,1,10,False,16,16,0,-1.1832231001465334,38.735403872345444,-1.1832231001465334,8.735403872345437,0.0,False,False,nan,False
89,-0.33581337,0.4043529,0.046404805,-0.5227669,-0.49669313,0.057226785,False,False,1,10,False,16,16,0,-1.1362911105164517,37.59911276182899,-1.1362911105164517,7.599112761828985,0.0,False,False,nan,False
90,-0.33539614,0.3920175,0.037291095,-0.5466474,-0.49172598,0.09934335,False,False,1,10,False,16,16,0,-0.8727625477993957,36.726350214029594,-0.8727625477993957,6.726350214029589,0.0,False,False,nan,False
91,-0.33505106,0.37914792,0.028018732,-0.56968516,-0.48447433,0.14503297,False,False,1,10,True,17,17,0,-0.556580867567219,36.169769346462374,-2.5565808675672193,4.1697693464623695,2.0,False,False,nan,False
92,-0.33407074,0.36693385,0.090802275,-0.5403313,-0.47642666,0.16095397,False,False,2,10,False,17,17,0,3.7260754262482125,39.89584477271059,3.7260754262482125,7.895844772710582,0.0,False,False,nan,False
93,-0.3326676,0.35495934,0.13255492,-0.52955514,-0.46782896,0.17195383,False,False,2,10,False,17,17,0,1.7360661600834362,41.63191093279403,1.7360661600834362,9.631910932794018,0.0,False,False,nan,False
94,-0.33094984,0.34347367,0.1641818,-0.50794107,-0.45944703,0.16763863,False,False,2,10,False,17,17,0,2.6968378773706094,44.32874881016464,2.6968378773706094,12.328748810164626,0.0,False,False,nan,False
95,-0.32905674,0.33250996,0.18241869,-0.48502254,-0.4518733,0.15147442,False,False,2,10,False,17,17,0,2.936449764611507,47.26519857477615,2.936449764611507,15.265198574776132,0.0,False,False,nan,False
96,-0.3269171,0.32184878,0.20722184,-0.47166586,-0.4444895,0.14767562,False,False,2,10,True,18,18,0,1.6441006616902427,48.909299236466396,-0.3558993383097573,14.909299236466374,2.0,False,False,nan,False
97,-0.32463306,0.31110272,0.2217118,-0.47549537,-0.4371861,0.14606854,False,False,2,10,False,18,18,0,0.39638581777499554,49.305685054241394,0.39638581777499554,15.30568505424137,0.0,False,False,nan,False
98,-0.32186705,0.30106294,0.2696032,-0.44404796,-0.42956913,0.15233958,False,False,2,10,False,18,18,0,1.8688045823758557,51.17448963661725,1.8688045823758557,17.174489636617224,0.0,False,False,nan,False
99,-0.3189543,0.2910028,0.28436586,-0.44502732,-0.42208004,0.14978237,False,False,2,10,False,18,18,0,0.4817695755973375,51.65625921221459,0.4817695755973375,17.65625921221456,0.0,False,False,nan,False
100,-0.3157158,0.2814264,0.31690904,-0.42355794,-0.41458648,0.14987195,False,False,2,10,False,18,18,0,1.2442371117410402,52.900496323955636,1.2442371117410402,18.9004963239556,0.0,False,False,nan,False
101,-0.3122096,0.2716483,0.3430673,-0.43239114,-0.40645418,0.1626459,False,False,2,10,True,19,19,0,-0.8739284467579751,52.026567877197664,-2.873928446757975,16.026567877197625,2.0,False,False,nan,False
102,-0.30878025,0.2613199,0.33329695,-0.4563036,-0.39611316,0.20682016,False,False,1,10,False,19,19,0,0.6261207122811083,52.65268858947877,0.6261207122811083,16.652688589478732,0.0,False,False,nan,False
103,-0.30541348,0.2504451,0.325204,-0.48017603,-0.38386908,0.2448817,False,False,1,10,False,19,19,0,0.6621156173728491,53.31480420685162,0.6621156173728491,17.31480420685158,0.0,False,False,nan,False
104,-0.3021296,0.2390334,0.3145566,-0.5035329,-0.3691791,0.29380032,False,False,1,10,False,19,19,0,1.0333380355946542,54.34814224244627,1.0333380355946542,18.348142242446233,0.0,False,False,nan,False
105,-0.2989331,0.22707124,0.3034226,-0.5275601,-0.35204962,0.3425897,False,False,1,10,False,19,19,0,1.1802545631263979,55.52839680557267,1.1802545631263979,19.52839680557263,0.0,False,False,nan,False
106,-0.29582286,0.21456335,0.29235545,-0.55145687,-0.33247855,0.3914212,False,False,1,10,True,20,20,0,1.3656336842033465,56.894030489776014,-0.6343663157966535,18.894030489775975,2.0,False,False,nan,False
107,-0.29243842,0.20267953,0.31968027,-0.5239737,-0.31294188,0.39073342,False,False,2,10,False,20,20,0,3.653771473614353,60.54780196339037,3.653771473614353,22.547801963390327,0.0,False,False,nan,False
108,-0.28906578,0.19090384,0.31908244,-0.519555,-0.2941304,0.37622923,False,False,2,10,False,20,20,0,2.928523878432867,63.47632584182324,2.928523878432867,25.476325841823193,0.0,False,False,nan,False
109,-0.285402,0.17979935,0.3479418,-0.4899249,-0.27516788,0.3792508,False,False,2,10,False,20,20,0,3.3867690948194253,66.86309493664267,3.3867690948194253,28.863094936642618,0.0,False,False,nan,False
110,-0.28164864,0.16897438,0.35714376,-0.47779474,-0.25654393,0.372479,False,False,2,10,False,20,20,0,2.887641378950133,69.7507363155928,2.887641378950133,31.75073631559275,0.0,False,False,nan,False
111,-0.2778378,0.15866841,0.3634022,-0.45504794,-0.23854007,0.36007744,False,False,2,10,True,21,21,0,3.767415857298414,73.51815217289122,1.7674158572984142,33.51815217289116,2.0,False,False,nan,False
112,-0.2738647,0.14894265,0.37968463,-0.42949823,-0.22066765,0.35744846,False,False,2,10,False,21,21,0,3.2165072096611285,76.73465938255235,3.2165072096611285,36.734659382552294,0.0,False,False,nan,False
113,-0.26983684,0.13941365,0.38537186,-0.4210053,-0.203087,0.35161296,False,False,2,10,False,21,21,0,2.5113924938861745,79.24605187643853,2.5113924938861745,39.24605187643847,0.0,False,False,nan,False
114,-0.26559192,0.12988259,0.4064169,-0.42122218,-0.1848951,0.36383808,False,False,2,10,False,21,21,0,0.8694629069602342,80.11551478339877,0.8694629069602342,40.11551478339871,0.0,False,False,nan,False
115,-0.2612985,0.12110711,0.4117449,-0.387922,-0.16725281,0.35284606,False,False,2,10,False,21,21,0,4.191401306478537,84.3069160898773,4.191401306478537,44.30691608987725,0.0,False,False,nan,False
116,-0.25703162,0.11285943,0.40974078,-0.36474407,-0.1503115,0.3388258,False,False,2,10,True,22,22,0,3.8356947360028473,88.14261082588015,1.8356947360028473,46.1426108258801,2.0,False,False,nan,False
117,-0.2528197,0.10498353,0.404913,-0.34847677,-0.1340708,0.32481402,False,False,2,10,False,22,22,0,3.4555434055980614,91.59815423147822,3.4555434055980614,49.59815423147816,0.0,False,False,nan,False
118,-0.2487103,0.09726992,0.39540783,-0.3415003,-0.118615374,0.30910867,False,False,2,10,False,22,22,0,3.0905625309942453,94.68871676247247,3.0905625309942453,52.68871676247241,0.0,False,False,nan,False
119,-0.24450317,0.09008647,0.40511736,-0.31809917,-0.10312428,0.30982178,False,False,2,10,False,22,22,0,2.6359980588592977,97.32471482133177,2.6359980588592977,55.32471482133171,0.0,False,False,nan,False
120,-0.24030633,0.08361119,0.40453053,-0.2868153,-0.08809683,0.3005491,False,False,2,10,False,22,22,0,3.7350829579456475,101.05979777927742,3.7350829579456475,59.05979777927736,0.0,False,False,nan,False
121,-0.2360138,0.07748946,0.41389656,-0.2712465,-0.07288791,0.30417836,False,False,2,10,True,23,23,0,1.9268766333209697,102.98667441259839,-0.0731233666790303,58.98667441259833,2.0,False,False,nan,False
122,-0.23175816,0.0719508,0.41062945,-0.24550237,-0.058115933,0.29543972,False,False,2,10,False,23,23,0,3.394731672537927,106.38140608513632,3.394731672537927,62.38140608513626,0.0,False,False,nan,False
123,-0.2275087,0.06694923,0.410237,-0.22178708,-0.043576896,0.29078093,False,False,2,10,False,23,23,0,2.912495150293535,109.29390123542986,2.912495150293535,65.2939012354298,0.0,False,False,nan,False
124,-0.2230546,0.06262666,0.42990914,-0.19173694,-0.028264886,0.30624023,False,False,2,10,False,23,23,0,1.341083757762857,110.63498499319272,1.341083757762857,66.63498499319266,0.0,False,False,nan,False
125,-0.21844181,0.058901034,0.4451329,-0.1653597,-0.012324433,0.31880906,False,False,2,10,False,23,23,0,1.4249696924033628,112.05995468559608,1.4249696924033628,68.05995468559603,0.0,False,False,nan,False
126,-0.21377473,0.055854473,0.45035982,-0.13534762,0.00381778,0.32284433,False,False,2,10,True,24,24,0,1.5395701635970596,113.59952484919314,-0.46042983640294044,67.59952484919309,2.0,False,False,nan,False
127,-0.20902085,0.052208457,0.46124658,-0.16214187,0.017779624,0.27923688,False,False,3,10,False,24,24,0,-2.7410397870766148,110.85848506211653,-2.7410397870766148,64.85848506211647,0.0,False,False,nan,False
128,-0.20418954,0.04797722,0.47096038,-0.18824124,0.029792365,0.24025485,False,False,3,10,False,24,24,0,-2.489185264402862,108.36929979771367,-2.489185264402862,62.36929979771361,0.0,False,False,nan,False
129,-0.19926958,0.043143805,0.4820932,-0.21504445,0.039577976,0.19571227,False,False,3,10,False,24,24,0,-2.4915785303996487,105.87772126731402,-2.4915785303996487,59.87772126731396,0.0,False,False,nan,False
130,-0.1942853,0.03771652,0.49016398,-0.24145384,0.047744617,0.1633327,False,False,3,10,False,24,24,0,-2.101885536180531,103.77583573113348,-2.101885536180531,57.77583573113343,0.0,False,False,nan,False
131,-0.1892333,0.031692706,0.49866828,-0.26794562,0.05420687,0.12924507,False,False,3,10,True,25,25,0,-2.04078800448046,101.73504772665302,-4.04078800448046,53.735047726652965,2.0,False,False,nan,False
132,-0.18410559,0.02586895,0.5057467,-0.25910655,0.061151665,0.13889584,False,False,2,10,False,25,25,0,-0.6150813717298462,101.11996635492318,-0.6150813717298462,53.11996635492312,0.0,False,False,nan,False
133,-0.1790801,0.020263419,0.4958501,-0.24942097,0.06777828,0.1325323,False,False,2,10,False,25,25,0,0.9273740168207609,102.04734037174394,0.9273740168207609,54.047340371743886,0.0,False,False,nan,False
134,-0.1741767,0.015336023,0.48393783,-0.21930107,0.07410728,0.12658018,False,False,2,10,False,25,25,0,1.9782640332233938,104.02560440496734,1.9782640332233938,56.02560440496728,0.0,False,False,nan,False
135,-0.16946355,0.011067734,0.46551752,-0.18999638,0.07984568,0.11476822,False,False,2,10,False,25,25,0,2.47987828111732,106.50548268608466,2.47987828111732,58.505482686084605,0.0,False,False,nan,False
136,-0.16476497,0.006919465,0.46395716,-0.18469445,0.08569381,0.11696228,False,False,2,10,True,26,26,0,-0.050429319673386874,106.45505336641128,-2.0504293196733867,56.45505336641122,2.0,False,False,nan,False
137,-0.16011104,0.0034115291,0.4593672,-0.15626554,0.091662504,0.11937378,False,False,2,10,False,26,26,0,-100,6.455053366411278,-100.0,-43.54494663358878,0.0,False,False,nan,False
138,-0.15542689,-0.00015985013,0.4621145,-0.15912706,0.09792224,0.12519489,False,False,2,10,False,26,26,0,-0.8065251394967305,5.648528226914547,-0.8065251394967305,-44.35147177308551,0.0,False,False,nan,False
139,-0.15079574,-0.0033503557,0.45675582,-0.14223164,0.10423257,0.12620665,False,True,2,10,False,26,26,0,10.563957064064294,16.21248529097884,10.563957064064294,-33.78751470902121,0.0,False,False,0.14223164,True
140,-0.14632292,-0.005813911,0.45479465,-0.10895656,0.09626233,-0.16003229,False,True,2,10,False,26,26,0,2.0089415009711162,18.221426791949956,2.0089415009711162,-31.778573208050094,0.0,False,False,nan,True
141,-0.14235458,-0.007251754,0.42175236,-0.062488843,0.071555436,-0.49416608,False,True,2,10,True,27,26,1,6.691363847547064,24.912790639497018,4.691363847547064,-27.08720936050303,2.0,False,False,nan,True
142,-0.13863488,-0.009011283,0.4066864,-0.07691325,0.03718917,-0.68738586,True,True,1,10,False,27,26,1,15.013906287601012,39.92669692709803,15.013906287601012,-12.07330307290202,0.0,False,False,nan,True
143,-0.1350563,-0.01050792,0.38153914,-0.06632659,0.014733071,-0.44795457,True,True,1,10,False,27,26,1,5.225324129433255,45.15202105653128,5.225324129433255,-6.847978943468765,0.0,False,False,nan,True
144,-0.1316431,-0.011676111,0.35657972,-0.051839568,-0.00030755973,-0.3007824,True,True,1,10,False,27,26,1,4.436316944537261,49.58833800106854,4.436316944537261,-2.4116619989315033,0.0,False,False,nan,True
145,-0.12847729,-0.012444976,0.3289342,-0.034219824,-0.012480702,-0.2434394,True,True,1,10,False,27,26,1,2.022696911895467,51.61103491296401,2.022696911895467,-0.3889650870360364,0.0,False,False,nan,True
146,-0.12556258,-0.012771704,0.303183,-0.014664648,-0.02403202,-0.23100893,True,True,1,25,True,28,26,2,1.8188817326362436,53.42991664560025,-0.18111826736375636,-0.5700833543997927,2.0,False,False,nan,True
147,-0.1229312,-0.012658229,0.27327082,0.004847352,-0.034037836,-0.20010439,True,True,1,25,False,28,26,2,2.254706475087724,55.684623120687974,2.254706475087724,1.6846231206879312,0.0,False,False,nan,True
148,-0.120559596,-0.012096467,0.24617226,0.02473683,-0.042928416,-0.17780511,True,True,1,5,True,29,26,3,1.9127491522983118,57.597372272986284,-0.08725084770168823,1.597372272986243,2.0,False,False,nan,True
149,-0.1184536,-0.011101547,0.21708211,0.044018727,-0.04933996,-0.12822893,True,True,1,5,False,29,26,3,2.139259486268949,59.73663175925523,2.139259486268949,3.736631759255192,0.0,False,False,nan,True
150,-0.116585925,-0.0097040795,0.19042948,0.061985888,-0.052955955,-0.07232371,True,True,1,5,False,29,26,3,1.9303791031351534,61.667010862390384,1.9303791031351534,5.667010862390345,0.0,False,False,nan,True
151,-0.114816666,-0.008245387,0.17235214,0.06498845,-0.04845369,0.090019375,True,True,1,5,False,29,26,3,2.2145312731922444,63.88154213558263,2.2145312731922444,7.88154213558259,0.0,False,False,nan,True
152,-0.11326933,-0.006780579,0.14954993,0.065265626,-0.04334664,0.102112174,True,True,1,5,False,29,26,3,2.747386982099959,66.62892911768259,2.747386982099959,10.62892911768255,0.0,False,False,nan,True
153,-0.111904815,-0.0054789926,0.13178809,0.057980213,-0.038755756,0.091793224,True,True,1,5,False,29,26,3,2.4916667309224656,69.12059584860505,2.4916667309224656,13.120595848605015,0.0,False,False,nan,True
154,-0.11072073,-0.004456928,0.115023136,0.045512386,-0.035418216,0.06673585,True,True,1,5,False,29,26,3,2.4544452946233846,71.57504114322843,2.4544452946233846,15.5750411432284,0.0,False,False,nan,True
155,-0.10962591,-0.0038409138,0.10479877,0.02748475,-0.030809999,0.09215839,True,False,1,5,False,29,26,3,-7.921746995905457,63.653294147322974,-7.921746995905457,7.653294147322943,0.0,False,False,nan,True
156,-0.108682916,-0.0035198713,0.09180114,0.014317471,-0.028340884,0.049384527,True,False,1,5,False,29,26,3,1.855441719501621,65.5087358668246,1.855441719501621,9.508735866824564,0.0,False,False,nan,True
157,-0.10789442,-0.003401532,0.07786197,0.0052747414,-0.027350705,0.019811412,True,False,1,5,False,29,26,3,1.6352537647753504,67.14398963159995,1.6352537647753504,11.143989631599915,0.0,False,False,nan,True
158,-0.10727825,-0.0033757114,0.0613088,0.0011503276,-0.02703708,0.0062834895,True,False,1,5,True,30,26,4,1.7351143450202866,68.87910397662024,-0.2648856549797134,10.879103976620202,2.0,False,False,nan,True
159,-0.10671806,-0.0033725642,0.055871226,0.00013927641,-0.026889453,0.0029641208,True,False,0,5,False,30,26,4,0.6155830764662085,69.49468705308645,0.6155830764662085,11.49468705308641,0.0,False,False,nan,True
160,-0.10621605,-0.0032930279,0.04949861,0.00354479,-0.026182622,0.014146157,True,False,0,5,False,30,26,4,0.7457108361951548,70.24039788928161,0.7457108361951548,12.240397889281565,0.0,False,False,nan,True
161,-0.105773166,-0.0030802393,0.0425888,0.009481584,-0.024500197,0.033654552,True,False,0,5,False,30,26,4,0.8125399672646516,71.05293785654627,0.8125399672646516,13.052937856546217,0.0,False,False,nan,True
162,-0.10538969,-0.002723434,0.03557483,0.015900793,-0.021759765,0.054810394,True,False,0,5,False,30,26,4,0.7798345353217826,71.83277239186805,0.7798345353217826,13.832772391868,0.0,False,False,nan,True
163,-0.10506506,-0.002249291,0.028812703,0.021120636,-0.01815298,0.07213409,True,False,0,5,False,30,26,4,0.7184538932720343,72.55122628514007,0.7184538932720343,14.551226285140034,0.0,False,False,nan,True
164,-0.10479812,-0.0017070556,0.022513255,0.024147494,-0.014035373,0.082348295,True,False,0,5,False,30,26,4,0.71050348079077,73.26172976593085,0.71050348079077,15.261729765930804,0.0,False,False,nan,True
165,-0.10456438,-0.0011523748,0.019067448,0.024693737,-0.009786177,0.08497082,True,False,0,5,False,30,26,4,0.6306327800180007,73.89236254594886,0.6306327800180007,15.892362545948805,0.0,False,False,nan,True
166,-0.10434141,-0.0006297016,0.018207964,0.023255518,-0.0057628118,0.080455326,True,False,0,5,False,30,26,4,0.5913758637078104,74.48373840965667,0.5913758637078104,16.483738409656617,0.0,False,False,nan,True
167,-0.104166985,-0.0006223345,0.01739618,0.0003268033,-0.0057114903,0.0010265539,True,False,0,5,False,30,26,4,1.2362094459717419,75.7199478556284,1.2362094459717419,17.71994785562836,0.0,False,False,nan,True
168,-0.104048535,-0.0006256962,0.011847823,-0.0001485409,-0.0057133776,-3.6472476e-05,True,False,0,1,True,31,26,5,0.5667032224314141,76.28665107805982,-1.4332967775685859,16.286651078059773,2.0,False,False,nan,True
169,-0.103986934,-0.0006257677,0.006160076,-4.3098385e-06,-0.005713423,-1.0674819e-06,True,False,0,1,False,31,26,5,0.5750237784107188,76.86167485647054,0.5750237784107188,16.861674856470493,0.0,False,False,nan,True
170,-0.103981875,-0.0006257677,0.00050208706,9.561755e-07,-0.005713419,2.1636951e-07,True,False,0,1,False,31,26,5,0.566304725871035,77.42797958234158,0.566304725871035,17.42797958234153,0.0,False,False,nan,True
171,-0.10399828,-0.0006257677,-0.0016892027,7.957429e-07,-0.005688207,0.00049038936,True,False,0,1,False,31,26,5,-0.11783060196390238,77.31014898037768,-0.11783060196390238,17.310148980377626,0.0,False,False,nan,True
172,-0.104010776,-0.0006257677,-0.0012692537,5.6803617e-07,-0.0056692823,0.00036848997,True,False,0,1,False,31,26,5,0.04263811815241425,77.35278709853009,0.04263811815241425,17.35278709853004,0.0,False,False,nan,True
173,-0.10401354,-0.0006257677,-0.00027774746,1.2427633e-07,-0.005665133,8.061421e-05,True,False,0,1,False,31,26,5,0.09928901776390475,77.452076116294,0.09928901776390475,17.452076116293945,0.0,False,False,nan,True
174,-0.10401125,-0.0006257677,0.00023339034,-1.0492625e-07,-0.005668606,-6.775494e-05,True,False,0,1,False,31,26,5,0.00431725150461304,77.45639336779861,0.00431725150461304,17.456393367798558,0.0,False,False,nan,True
175,-0.10400887,-0.0006257677,0.00024345922,-1.0921188e-07,-0.0056722485,-7.069178e-05,True,False,0,1,False,31,26,5,-0.0011327138457044583,77.4552606539529,-0.0011327138457044583,17.455260653952855,0.0,False,False,nan,True
176,-0.104008004,-0.0006257677,8.290938e-05,-3.8757904e-08,-0.0056734853,-2.407504e-05,True,False,0,1,False,31,26,5,0.016017135921375214,77.47127778987428,0.016017135921375214,17.47127778987423,0.0,False,False,nan,True
177,-0.104008295,-0.0006257677,-2.5386238e-05,1.3489883e-08,-0.005673106,7.3709552e-06,True,False,0,1,False,31,26,5,0.005761655821803657,77.47703944569608,0.005761655821803657,17.477039445696033,0.0,False,False,nan,True
178,-0.10400877,-0.0006257677,-4.3712782e-05,1.9062032e-08,-0.0056724455,1.2691982e-05,True,False,0,1,False,31,26,5,-0.0018143066645350814,77.47522513903155,-0.0018143066645350814,17.475225139031497,0.0,False,False,nan,True
179,-0.10400896,-0.0006257677,-2.0287775e-05,1.0165078e-08,-0.005672154,5.887028e-06,True,False,0,1,False,31,26,5,0.0023525783731557226,77.4775777174047,0.0023525783731557226,17.477577717404653,0.0,False,False,nan,True
180,-0.10400896,-0.0006257677,1.0351005e-06,-6.6251454e-10,-0.0056721647,-3.353819e-07,True,False,0,1,False,31,26,5,0.0019241965462128974,77.47950191395091,0.0019241965462128974,17.479501913950866,0.0,False,False,nan,True
181,-0.10400887,-0.0006257677,7.31184e-06,-3.4748089e-09,-0.005672264,-2.1399835e-06,True,False,0,1,False,31,26,5,-0.0006280560021405535,77.47887385794877,-0.0006280560021405535,17.478873857948727,0.0,False,False,nan,True
182,-0.10400887,-0.0006257677,4.445089e-06,-3.4697925e-09,-0.005672334,-1.3182182e-06,True,False,0,1,False,31,26,5,0.00027964352000964254,77.47915350146877,0.00027964352000964254,17.479153501468737,0.0,False,False,nan,True
183,-0.10400887,-0.0006257677,5.246778e-07,2.8600708e-10,-0.0056723375,-2.1511262e-07,True,False,0,1,False,31,26,5,0.0003917153029124876,77.47954521677168,0.0003917153029124876,17.479545216771648,0.0,False,False,nan,True
184,-0.10400887,-0.0006257677,-1.1192049e-06,-7.4431246e-11,-0.005672312,3.3651366e-07,True,False,0,1,False,31,26,5,-5.689156905752668e-05,77.47948832520262,-5.689156905752668e-05,17.47948832520259,0.0,False,False,nan,True
185,-0.10400887,-0.0006257677,-9.1341644e-07,6.768301e-10,-0.005672301,3.3865152e-07,True,False,0,1,False,31,26,5,2.164984170960338e-05,77.47950997504434,2.164984170960338e-05,17.479509975044298,0.0,False,False,nan,True
186,-0.10400887,-0.0006257677,-2.3349898e-07,6.7870154e-11,-0.0056723035,7.112514e-08,True,False,0,1,False,31,26,5,6.775893915644815e-05,77.47957773398349,6.775893915644815e-05,17.479577733983454,0.0,False,False,nan,True
187,-0.10400887,-0.0006257677,1.4839748e-07,-4.121863e-11,-0.0056723147,-7.8775784e-08,True,False,0,1,False,31,26,5,7.392564343788877e-06,77.47958512654783,7.392564343788877e-06,17.479585126547796,0.0,False,False,nan,True
188,-0.10400887,-0.0006257677,1.7449399e-07,1.2586995e-10,-0.0056723244,-7.22877e-08,True,False,0,1,False,31,26,5,-3.58754447304932e-06,77.47958153900336,-3.58754447304932e-06,17.479581539003323,0.0,False,False,nan,True
189,-0.10400887,-0.0006257677,7.953836e-08,-1.0315747e-10,-0.005672335,-7.564128e-08,True,False,0,1,False,31,26,5,8.4245404075034e-06,77.47958996354377,8.4245404075034e-06,17.47958996354373,0.0,False,False,nan,True
190,-0.10400887,-0.0006257677,-3.912617e-09,1.6597913e-09,-0.005672342,-3.514127e-09,True,False,0,1,False,31,26,5,6.830339080110548e-06,77.47959679388285,6.830339080110548e-06,17.479596793882813,0.0,False,False,nan,True
191,-0.10400887,-0.0006257677,-4.7561297e-08,-3.63602e-11,-0.0056723426,9.564972e-08,True,False,0,1,False,31,26,5,-4.377685774770157e-06,77.47959241619708,-4.377685774770157e-06,17.479592416197036,0.0,False,False,nan,True
192,-0.10400887,-0.0006257677,-4.8950405e-08,2.0026308e-10,-0.0056723454,9.6581275e-08,True,False,0,1,False,31,26,5,-4.1834688424557953e-07,77.47959199785019,-4.1834688424557953e-07,17.47959199785015,0.0,False,False,nan,True
193,-0.10400887,-0.0006257677,-3.9588684e-08,5.452084e-11,-0.0056723477,9.497484e-08,True,False,0,1,False,31,26,5,7.033784541476962e-07,77.47959270122865,7.033784541476962e-07,17.479592701228604,0.0,False,False,nan,True
194,-0.10400887,-0.0006257677,0.0,0.0,-0.0056723496,0.0,True,False,0,1,False,31,26,5,100,177.47959270122865,100,117.4795927012286,0.0,True,False,nan,True
